00
428|599
153|427
250.01|428
428|786
428|424
?|?
428|560
250|401
276|428
401|414
434|401
493|250
496|444
276|799
278|428
E885|E849
427|250
782|493
276|564
276|250.02
428|584
707|825
496|414
599|707
401|272
V58|276
250|V58
E849|562
428|425
440|38
250|272
919|789
427|428
296|599
305|305
E939|296
300|V17
401|250
414|250
250|715
305|564
425|305
427|427
411|414
427|414
428|250
285|428
342|787
584|599
496|403
557|518
250.01|558
427|401
577|692
496|276
427|276
V45|780
599|492
427|V45
491|250.02
295|599
465|250
296|?
411|424
496|425
507|707
276|584
250|?
815|E812
780|786
250.02|276
682|263
511|427
V45|250
584|250.43
250.02|290
282|401
285|401
496|411
486|250.01
V45|401
428|792
557|278
276|516
295|250
403|996
250.02|401
486|496
486|357
424|397
414|414
585|138
707|682
342|530
560|250
496|150
411|428
276|340
401|9
V65|?
411|427
272|401
577|276
250|427
250|733
585|250.8
250|414
196|455
427|437
424|E888
276|401
280|562
496|304
440|414
250|493
707|250.8
414|530
411|V58
276|250
788|788
577|250
515|280
V45|995
403|250
733|401
V43|272
578|401
38|403
276|402
707|70
427|278
250|275
515|250
285|250
411|250
250|553
280|569
250.92|401
788|596
577|595
997|434
303|401
426|401
790|518
530|250
276|790
496|707
425|401
584|403
707|599
428|996
198|428
413|428
276|585
413|250
277|577
428|414
784|250
424|707
294|348
250.6|357
518|276
280|789
786|250
427|425
278|784
780|401
518|410
682|250.51
250|V15
518|518
250.02|576
659|250
728|250.03
276|250.01
411|401
496|401
157|250.02
250.02|998
518|427
571|250
293|287
865|860
486|428
496|250.02
250.82|707
397|250
198|250.02
425|427
427|424
787|E931
790|250.02
599|276
784|E942
276|293
781|250
428|427
722|564
276|458
425|250
562|716
424|578
263|276
427|411
453|250.02
414|425
V42|250.53
250|782
571|218
425|8
V42|412
250.83|707
401|599
403|305
427|584
799|788
511|518
428|496
785|780
427|722
276|726
585|491
723|401
584|250.02
203|453
41|414
411|780
38|785
276|414
250.02|496
348|599
430|272
276|427
585|V42
424|304
851|585
E878|285
359|733
599|401
276|250.4
284|276
496|250
401|V45
402|428
780|300
250.02|416
403|421
682|285
250.41|250.51
197|196
493|112
292|250.2
518|458
300|250
486|276
486|401
198|196
V63|584
276|E885
411|511
276|416
285|288
153|250
427|458
599|599
340|250
787|786
250.01|?
428|395
707|785
414|276
493|590
250.01|599
715|285
462|305
403|250.5
535|401
707|276
414|V45
285|412
682|459
414|401
427|496
426|780
250.02|997
784|781
799|414
162|788
218|625
288|780
401|V15
276|784
288|202
411|288
250.22|250.6
410|272
518|496
493|519
682|250.01
493|401
404|428
426|599
780|250
276|276
427|112
403|250.42
250.82|276
250.02|584
424|511
584|276
458|250
296|969
507|996
280|250
411|466
272|250
787|496
250.53|362
518|250.02
250.41|250.7
276|V15
250.02|414
453|438
287|458
599|428
428|428
428|412
250|429
250|V12
276|V58
403|272
276|785
707|41
250.6|250.83
255|571
276|403
826|250.6
599|403
411|287
486|491
403|585
796|?
250|729
682|250.6
785|682
300|786
438|729
250|278
496|305
428|780
428|411
569|599
560|788
250|784
707|486
426|424
435|784
414|332
599|299
162|786
425|280
438|438
280|715
359|401
530|276
707|250
411|997
440|276
784|E949
599|V45
162|198
285|272
250.12|493
285|812
491|428
511|403
276|331
682|41
805|295
998|250
340|276
285|E885
440|730
428|276
438|401
486|157
596|V10
196|263
427|787
496|440
162|555
276|599
402|780
424|401
357|250.52
433|401
682|707
721|401
278|305
787|788
785|694
618|401
285|250.02
719|786
244|250
496|783
786|414
403|V45
278|401
998|998
250|300
250.01|250
414|412
427|250.02
427|327
820|428
511|250
276|560
401|250.9
276|496
585|250
518|414
518|560
591|250
682|428
250.8|344
490|593
38|250.41
285|276
787|414
414|427
617|218
397|824
682|401
285|300
440|707
425|414
276|284
284|70
493|276
303|571
780|486
428|253
997|427
424|250.02
730|425
413|424
786|250.01
403|425
V54|V43
250.02|V10
348|296
E849|285
V62|250
276|578
276|288
780|303
250.02|397
427|784
707|707
196|250
40|585
482|510
491|593
998|428
482|516
599|995
288|250
401|493
584|997
414|724
291|311
997|560
530|272
578|250.02
305|250
518|38
250.01|722
344|707
410|V42
410|428
V43|250
E878|V09
331|787
276|?
250.01|401
576|112
996|414
285|V85
599|342
730|41
E878|411
585|403
518|519
584|428
41|401
626|V15
435|250
250.01|537
E878|787
218|250
491|414
332|722
599|250.02
790|486
786|289
852|8
577|427
591|788
V45|V45
250|244
996|403
571|70
424|285
276|303
V45|530
456|571
515|682
250|530
197|198
301|250
304|305
428|297
427|780
404|250
250.41|403
298|780
428|250.92
425|412
293|294
411|250.01
424|428
599|786
413|496
V42|403
599|780
574|789
250.6|473
V42|276
112|250
707|584
427|443
997|340
998|285
428|573
496|41
428|491
276|562
250.01|794
410|403
250.6|496
453|250
805|250.6
427|162
496|250.8
486|413
401|305
444|787
997|788
250.02|?
607|250
250.02|287
276|493
799|530
491|112
486|250
785|681
453|707
599|453
721|250
426|496
250.6|276
719|250
569|428
496|135
715|250
250|311
250.02|403
401|787
424|424
611|414
593|250
427|305
250.6|536
250.6|599
428|403
290|285
574|227
599|486
496|244
401|786
571|286
788|783
511|428
496|280
611|V45
250|518
196|197
727|285
730|731
496|428
518|250
427|733
278|250
813|812
276|590
496|295
491|491
515|714
250.02|41
511|424
722|250
112|294
276|780
710|250.5
34|414
789|287
682|272
340|250.6
560|682
V09|401
197|197
493|425
280|276
250.8|782
535|250
620|218
780|719
276|535
790|794
414|411
276|515
276|295
496|287
493|428
585|427
250.6|681
250.93|401
482|599
238|780
426|427
198|276
496|427
584|413
403|250.8
440|403
428|578
427|790
490|427
276|263
342|401
786|401
276|536
578|250
496|721
530|530
285|198
428|250.6
536|401
572|789
427|394
621|618
496|747
V43|E878
711|712
276|707
780|250.6
530|?
288|591
496|518
280|261
808|E881
41|250
427|250.6
425|250.8
300|300
428|250.52
518|707
276|278
250.41|250.6
599|799
342|250
V85|428
V18|789
403|250.4
785|272
560|250.5
644|250.01
427|286
574|250.02
331|250
250|402
276|786
537|250.01
162|197
250.02|705
276|305
425|250.02
411|250.03
401|250.4
788|?
969|?
788|V12
428|486
38|995
585|511
242|401
413|536
276|997
403|288
401|530
250|365
250.5|250.6
V62|401
250.82|799
296|250
287|197
707|424
453|427
574|303
584|427
707|428
456|456
707|780
414|272
560|250.02
296|427
362|401
518|401
909|V10
595|428
578|496
427|E932
291|303
425|428
496|620
790|599
250.01|276
486|38
428|518
285|E881
424|427
250.4|403
244|493
286|427
574|428
682|403
413|287
368|300
403|V42
567|E878
574|401
427|250.4
250.01|354
518|428
465|V08
250.6|584
272|780
440|250
413|414
250.7|250.52
590|344
440|585
428|296
250.22|276
599|250
905|E929
723|250.02
682|785
250.02|715
428|250.51
202|281
411|V45
276|41
707|892
424|V45
285|736
486|427
197|707
402|250
280|532
276|789
250.82|250.7
440|995
411|250.02
486|250.82
250.02|272
648|670
427|599
496|515
585|404
250.41|585
459|401
585|413
E878|428
599|574
296|401
296|733
780|263
682|250
496|342
250|305
403|276
357|285
415|599
E932|E849
250.02|428
434|585
285|403
250.51|401
682|?
491|250
197|518
197|263
198|568
585|496
491|427
250.92|428
707|728
174|599
425|272
611|250
344|250
285|V42
295|285
458|433
648|250
682|584
997|401
E878|414
996|584
593|585
591|278
461|276
604|250
997|496
696|401
285|997
250.02|558
276|600
305|276
648|648
426|276
682|293
304|V12
486|599
599|564
575|555
138|250.6
438|410
585|285
424|250
157|V45
337|403
648|747
913|401
787|276
997|518
41|41
511|276
550|162
785|785
707|V54
285|250.6
413|272
553|244
507|428
V08|401
197|496
562|285
486|162
303|291
285|486
276|250.8
782|401
250|346
413|599
714|311
401|593
905|250.8
707|491
491|280
413|211
493|780
276|788
211|455
411|402
585|250.4
427|785
428|202
425|586
E934|428
276|244
250.01|610
311|290
285|250.92
564|780
250.42|250.52
486|V46
599|496
276|426
512|157
428|433
276|998
280|625
413|425
780|V42
490|401
707|250.6
401|V12
335|401
845|401
433|427
491|305
135|250
577|577
250.93|428
403|211
599|682
38|998
557|569
518|411
276|275
996|496
424|496
411|250.42
787|518
443|401
737|414
295|V58
250.02|427
250.01|278
E888|E849
997|410
444|414
707|574
786|786
276|V11
?|250
280|403
599|427
198|285
428|378
94|707
577|486
250|600
250|V85
112|V65
250.02|79
780|276
518|511
518|785
411|276
402|272
873|E888
491|250.01
250.12|305
250.02|786
518|584
411|272
424|416
285|715
202|V12
250.01|496
790|414
425|276
574|535
202|293
427|997
711|682
424|402
443|414
458|424
788|218
496|571
402|997
70|305
285|459
162|492
425|396
250|276
250|V10
707|204
250.12|276
280|530
799|496
517|515
E888|427
584|536
746|285
567|250.43
491|300
999|496
250.22|491
564|250
780|710
272|564
534|567
714|250
998|568
41|E878
238|250
250|259
428|250.4
486|250.03
790|786
493|530
568|401
250.6|401
535|211
591|427
275|250
162|250.02
486|414
276|696
733|733
560|496
788|401
428|401
356|?
429|401
287|414
427|285
214|250
276|285
250|477
278|250.6
401|244
706|401
482|414
441|425
289|401
295|493
411|412
285|823
423|414
162|276
578|287
411|250.6
428|585
728|E932
536|560
E885|V45
188|199
411|496
V58|294
711|204
427|786
198|172
490|428
278|414
369|493
287|427
599|410
V15|315
585|599
808|E885
250.01|272
403|536
250|599
425|211
402|414
250.8|731
562|311
70|571
8|496
453|440
250.01|201
428|921
415|157
V42|272
250.6|427
572|995
590|112
786|511
424|786
491|276
V45|403
276|205
250|V03
780|414
285|E816
998|682
789|456
584|562
599|293
736|250
94|782
250|296
250.01|493
433|433
496|715
357|300
724|344
295|518
784|787
518|250.6
599|250.82
682|154
403|428
584|585
998|E870
276|593
198|197
599|596
681|V58
719|438
304|304
571|572
112|427
599|414
401|425
424|412
729|359
357|401
786|553
486|585
434|428
276|710
305|414
276|382
305|272
796|250
682|250.5
533|250
591|276
250.02|285
401|V58
500|786
558|327
276|574
394|427
427|403
414|416
41|790
496|424
285|244
413|V45
410|518
424|414
427|728
403|E849
481|491
V43|428
280|427
599|436
722|530
590|591
276|8
599|V54
998|865
250.02|453
250|721
569|792
577|305
427|493
729|250
574|250
285|278
599|997
486|295
V85|401
780|453
599|295
536|724
590|276
242|518
599|788
591|592
357|250
276|94
823|276
611|610
428|332
41|244
250.6|414
585|428
303|311
414|250.92
250.6|642
276|197
285|726
807|427
800|802
599|E888
427|433
428|250.82
599|285
780|966
416|401
786|599
599|518
413|285
724|727
305|301
425|424
518|358
496|285
428|274
496|188
515|276
250|285
263|428
682|410
482|250.02
496|584
794|723
989|414
511|799
599|303
458|530
585|588
185|250
414|250.6
290|562
532|285
713|327
491|250.92
482|511
575|584
493|295
996|786
560|V15
599|294
250.02|799
425|515
558|?
112|112
162|427
537|682
590|996
780|599
730|250.8
288|287
491|403
550|244
680|585
250.92|288
806|276
493|250.01
304|V15
413|585
682|585
428|440
294|780
578|428
575|276
707|413
693|E930
780|427
998|250.6
729|250.01
70|577
486|303
715|826
496|255
882|E906
411|584
250.4|583
401|600
591|433
997|997
780|831
707|401
202|599
428|289
291|276
995|599
41|V09
491|726
250.1|278
599|434
401|285
189|250.4
595|250.02
285|414
518|780
V57|V54
996|E879
786|427
340|599
285|E878
682|425
V85|278
428|250.02
794|794
250.43|581
540|996
250.01|V15
284|403
276|473
578|682
V85|250
250.6|250.7
276|V85
731|730
250.92|403
920|910
441|401
427|438
617|250
414|348
784|V15
576|250.4
518|285
250.6|586
530|535
599|584
789|276
280|707
427|707
622|414
600|250
250.6|780
433|250.7
250.01|438
493|998
E878|250
403|41
285|427
428|285
427|250.01
691|250
585|412
287|276
70|276
348|403
786|486
751|401
781|414
285|718
V45|244
584|284
482|427
342|781
496|585
999|724
515|53
576|250
250.03|293
413|135
437|401
785|426
486|492
799|276
283|284
250.01|556
600|285
491|486
496|780
198|486
461|401
250.03|440
250.01|824
599|585
491|995
427|530
38|518
434|599
531|E878
410|414
780|428
287|465
585|780
342|440
V63|496
427|202
285|478
303|434
305|681
V15|401
707|507
780|493
413|427
785|250.6
427|413
277|414
403|584
413|402
493|584
599|396
428|416
250.52|428
403|94
250.01|426
433|V12
486|424
E916|E849
486|305
491|518
293|250.01
E944|496
303|300
309|303
250|714
410|401
162|250
682|250.03
995|584
428|426
428|250.01
571|303
250.01|414
403|599
276|272
250.02|E905
250.7|707
998|617
198|560
250.03|244
276|595
427|402
507|493
E930|250
490|599
531|496
518|V42
253|346
511|486
780|721
413|997
403|285
426|305
852|851
305|401
572|276
634|244
496|V45
710|515
286|250.02
508|593
250.81|?
536|305
250|478
286|362
733|425
427|535
412|V45
427|518
288|733
V45|272
518|997
428|466
252|783
486|519
276|250.6
41|250.02
486|197
682|278
203|250
490|414
250.01|584
V45|250.6
295|401
157|197
599|808
413|244
250.02|738
797|250
250|410
682|304
425|584
250.81|707
140|787
570|250
592|427
162|496
573|250
300|276
491|411
780|780
799|250.8
263|780
403|250.6
285|531
250.02|244
250.01|424
571|511
411|403
473|401
599|197
496|332
E888|496
644|655
276|682
250.02|203
280|218
599|355
578|285
250.6|250.5
242|250
780|285
250|564
66|719
444|496
V42|250.51
826|E916
519|250
496|278
202|401
996|444
425|496
112|496
250|246
276|708
250.01|300
250.92|402
998|413
250.02|707
648|250.01
617|625
799|428
780|E937
611|794
250.02|599
574|285
440|401
250.81|530
250.8|E849
8|401
722|724
276|283
41|255
682|404
70|250.01
715|401
378|378
250.02|V45
250.6|250.52
284|427
285|V58
250|593
V42|401
710|250
291|780
592|276
250|693
599|996
250.8|492
250.02|342
294|V42
V45|414
276|519
250.92|389
427|998
428|250.23
423|416
276|344
780|162
680|288
278|?
780|272
726|250
535|786
280|414
648|665
395|414
250.02|825
707|287
242|250.52
38|415
401|728
414|562
425|250.4
276|274
995|38
618|250
285|787
197|278
276|592
V42|V58
198|250
719|V54
218|218
599|250.6
403|287
70|714
244|276
250.11|276
585|250.6
250.02|686
599|311
424|253
42|250.02
428|287
250.02|424
485|599
435|V45
486|780
428|789
70|578
311|301
303|276
413|250.01
492|250
V45|?
250.01|574
997|442
571|284
707|427
426|E947
682|917
493|E849
496|599
426|414
250.02|491
278|757
250.13|252
272|?
198|162
789|401
560|294
274|682
250.8|401
305|282
729|781
585|753
486|290
780|295
V49|403
427|577
250.92|276
710|204
802|599
995|380
428|255
585|437
568|285
584|707
403|710
404|188
V62|301
428|402
574|600
401|369
403|562
285|788
276|250.51
518|495
53|401
427|292
496|511
482|490
683|296
250.01|780
794|564
519|401
590|585
E849|401
682|780
V58|V15
788|305
205|285
294|401
518|486
250.02|201
413|401
244|?
593|518
596|285
707|681
577|536
585|453
E928|724
276|112
427|280
707|730
481|584
496|813
491|511
434|443
276|250.22
511|250.4
496|197
567|404
292|E885
295|305
427|512
780|305
787|783
250.03|?
591|585
681|250.6
41|285
585|V45
585|276
413|250.92
568|250
V45|285
285|535
V42|250
620|616
458|458
785|250.82
780|V45
424|204
250|440
284|286
250.02|493
403|466
789|780
E879|141
283|401
906|250.6
185|401
493|250.02
344|414
424|593
250.02|305
250.92|490
784|V45
331|294
682|730
571|305
250.02|280
682|998
724|720
599|511
428|719
787|244
785|428
V58|V43
707|357
42|412
444|250.41
788|276
250.42|486
730|682
276|681
799|250
710|736
411|998
433|599
V10|530
250.12|205
287|V42
250|V16
280|786
202|447
599|530
290|332
626|250.5
492|414
427|311
428|492
E868|250
788|403
707|402
403|293
198|427
427|996
599|41
276|873
599|597
278|785
203|585
250.02|787
496|250.6
276|199
581|250.6
311|250
40|403
556|196
70|780
682|294
585|294
998|250.02
584|434
492|799
995|276
427|726
428|278
285|599
202|496
154|788
482|428
293|780
511|997
250|E932
415|453
786|530
V45|425
414|244
466|E849
250|562
272|575
415|707
515|396
599|70
626|621
?|428
441|799
V12|412
250.8|414
8|682
787|693
785|403
E878|401
496|591
250.02|E885
491|250.03
413|998
198|411
174|434
411|280
287|411
794|414
496|787
585|584
465|250.02
531|414
569|724
E849|912
70|789
424|250.8
428|787
599|250.01
998|414
998|401
V42|V85
250|458
203|427
V49|250
276|465
785|250.4
873|401
287|426
590|584
427|396
560|787
414|426
425|255
242|426
813|733
823|250
552|496
584|722
483|799
486|382
295|70
682|496
724|250
250.02|535
250.02|157
V42|420
250.41|414
710|428
348|379
276|787
250|V45
E888|802
V85|466
250.02|924
411|585
410|564
414|424
552|278
357|414
V15|V12
440|V58
396|397
724|V43
276|558
250.02|311
285|496
411|996
599|263
250.93|70
276|413
278|244
493|745
710|425
324|427
241|289
455|401
780|346
425|V10
584|682
682|515
413|786
491|569
250.92|285
?|401
276|V12
427|V85
790|295
135|719
250.03|282
204|303
594|250
250.02|648
577|576
278|V85
358|250.6
722|789
807|401
515|416
E885|715
272|585
250.02|266
250|696
730|599
250.7|443
486|511
401|250.6
627|401
486|580
428|342
292|486
515|41
443|V45
518|515
V45|V15
427|V58
564|V18
368|784
430|396
V43|E927
250.01|413
788|285
250.01|287
428|70
590|593
784|414
250|281
780|585
250.01|881
590|496
411|482
162|244
397|417
995|511
250|110
218|616
599|729
285|593
747|424
572|357
311|V62
250|473
451|426
282|574
428|999
250.01|V12
530|584
799|518
491|425
759|401
599|575
138|E885
584|486
150|433
453|780
682|276
507|584
153|492
250.6|493
728|276
424|276
593|780
584|V85
585|530
410|416
574|518
250.6|250.43
574|427
250.01|E888
620|599
530|338
278|412
285|V12
425|585
560|564
276|333
272|244
135|584
244|401
414|250.52
799|295
682|112
250|438
571|427
403|424
584|203
790|403
453|255
945|402
511|425
401|276
584|590
807|861
402|250.02
592|250
440|305
599|435
427|585
434|276
42|276
E885|496
250.6|696
196|496
410|427
E888|331
577|496
428|413
782|286
303|496
411|250.81
425|V45
250.02|294
714|401
591|401
560|560
493|593
496|596
466|401
276|808
189|263
342|784
250.02|659
584|414
288|783
813|998
482|493
591|593
730|707
593|V58
429|414
585|414
799|402
794|496
8|250
493|V58
427|E942
197|576
280|250.02
780|729
707|440
786|276
719|V12
428|272
276|781
560|280
240|250
250|787
707|263
401|413
411|453
716|401
428|571
577|250.01
486|196
496|V57
198|157
493|427
V58|250
682|V58
198|403
444|707
189|197
584|296
730|443
785|707
453|428
707|414
70|250
217|401
493|682
466|250
276|245
799|515
250.01|425
456|276
507|348
443|496
427|272
202|E885
303|494
402|412
250.41|599
276|446
413|E931
305|496
611|41
250|780
996|V45
403|707
250.22|584
428|250.7
447|786
511|584
599|578
70|285
295|300
577|V15
E932|786
785|8
707|403
276|V54
440|285
805|250
426|272
999|459
204|401
250|706
585|203
250.03|276
304|496
204|403
571|599
401|782
295|275
340|729
250.82|682
38|427
112|780
250.6|250.42
250.02|V46
V13|250
287|250
250.02|V58
438|428
V85|511
250.13|276
756|346
496|357
574|V64
599|592
41|250.01
786|V45
250|490
303|780
437|438
560|276
V45|788
272|285
250.6|813
518|535
135|729
458|428
571|571
185|285
250.01|682
428|331
510|250.6
250|443
250.02|577
250|428
706|250
154|250
141|401
424|250.52
255|287
410|682
571|V42
905|250.01
710|585
331|401
401|278
172|250.6
276|E932
507|424
599|8
305|962
?|V45
197|584
415|486
496|V12
491|V46
786|54
451|959
250.81|41
276|569
V45|V10
560|401
276|410
404|585
162|599
196|427
644|648
V45|493
211|535
599|E879
788|790
112|414
707|533
997|444
173|250
997|250
710|112
296|313
428|185
250|719
571|276
584|425
38|404
785|492
996|453
707|198
728|599
710|402
601|250
456|285
250.33|276
295|272
785|567
427|331
286|V65
780|787
V12|401
282|288
710|493
584|785
346|401
242|413
403|434
369|370
481|428
196|414
787|784
V58|162
577|438
780|781
250.6|282
515|496
305|599
250.8|426
486|707
410|425
492|518
250|873
250.03|414
284|432
996|996
295|787
196|276
780|294
705|401
250|413
403|V12
465|518
305|V15
263|733
491|424
591|403
211|41
305|786
453|682
682|244
425|786
305|438
E884|285
518|250.52
812|E888
416|278
427|397
491|70
342|599
253|276
305|287
998|426
584|157
276|715
785|427
496|38
599|562
998|905
518|578
572|572
242|627
285|V43
250|V18
250.6|995
599|591
536|250.41
288|276
424|250.01
436|401
496|998
571|575
401|435
250.01|724
428|305
421|425
607|733
724|244
799|278
280|401
998|8
496|682
425|E878
276|299
425|780
276|357
276|342
584|435
263|403
569|560
250.02|996
648|660
595|E879
380|79
813|250
38|996
410|784
995|562
785|303
285|E888
250.82|414
998|578
162|196
584|275
253|786
197|276
466|250.5
250.02|956
424|342
V45|300
276|591
250.12|599
300|401
304|250
410|491
790|41
578|153
359|276
357|332
599|558
729|784
351|351
135|715
413|493
492|997
250.02|V03
496|790
290|301
805|427
V49|401
599|425
198|599
780|V43
396|427
416|780
278|272
682|296
682|916
403|794
266|428
444|805
250.01|411
788|599
480|401
682|250.02
343|250
428|280
518|424
518|396
530|250.51
296|530
648|663
250.02|585
396|331
305|54
294|428
453|401
789|789
70|E933
250.41|780
492|413
411|426
585|707
155|571
786|686
300|788
397|472
649|250
787|250
599|424
250.01|437
410|396
411|562
401|296
250|724
569|276
276|242
518|250.12
397|424
416|427
189|198
802|E849
569|455
401|345
389|250
E938|327
492|787
799|V54
511|496
413|440
278|54
250|788
427|553
584|250
250|722
401|412
250.03|654
518|585
295|427
V58|V45
789|250.8
250.01|368
305|292
584|491
536|276
781|250.6
250|786
492|401
401|535
496|?
288|574
860|807
327|250
250.51|278
394|496
255|276
411|V12
987|493
344|139
780|426
403|275
784|729
211|250
599|38
790|276
157|560
491|799
410|250
486|584
276|588
410|584
423|413
435|414
996|405
263|250.02
V65|250
295|780
454|250
323|278
250.41|428
996|276
593|403
780|596
276|792
296|244
648|V27
576|577
424|530
403|235
574|575
203|288
784|401
250.4|585
780|198
490|250
204|250
453|198
362|402
412|250
781|724
496|301
411|250.4
413|305
276|E931
287|403
486|250.4
788|433
707|294
515|724
416|425
808|E812
486|152
578|599
782|250
404|272
303|577
599|112
571|250.01
250.02|514
401|443
153|414
578|204
593|276
300|319
492|562
496|533
585|401
550|568
786|250.6
682|228
112|272
413|250.6
286|753
518|682
584|456
397|250.01
799|250.02
201|493
286|414
250|441
558|558
396|997
403|250.41
425|426
276|154
250.01|998
153|197
276|343
493|V46
53|250
250.22|577
410|285
599|695
250.53|250.6
996|552
413|552
996|401
V44|414
401|427
996|411
196|162
496|799
433|414
807|250
514|425
493|518
553|401
584|493
496|519
277|250
198|287
250.02|438
278|296
578|311
411|425
404|250.4
303|696
715|V43
428|682
590|250
428|788
204|54
403|414
401|715
595|560
401|?
196|997
342|250.6
428|575
788|250
335|E932
599|250.1
426|V45
584|E935
250.02|466
276|466
786|572
272|530
427|284
440|292
403|608
250.02|696
263|414
250|659
428|916
411|794
553|V85
174|508
303|305
305|304
394|401
426|250
275|276
250.02|729
998|786
574|493
444|958
714|402
424|411
196|401
413|41
299|250.93
41|211
112|342
727|250
599|710
536|112
303|287
728|V85
250|412
E826|550
707|272
162|799
V58|401
397|511
V42|707
276|429
682|424
997|486
V85|785
437|250.02
592|338
591|648
309|278
492|493
816|922
V42|70
478|780
799|?
427|V42
41|428
728|401
250.81|286
719|729
250|433
402|287
250.03|304
780|411
250.92|493
340|401
516|428
737|250
781|996
493|337
425|250.6
401|438
786|197
340|414
584|574
211|562
496|905
V15|311
427|517
198|788
424|461
263|70
707|731
518|619
493|424
429|250
331|250.52
428|279
250.03|41
413|263
713|682
780|362
486|788
571|428
816|E885
438|250.01
276|287
403|784
276|782
286|296
V15|250
789|428
453|462
285|578
403|153
491|733
569|780
780|788
710|437
997|E935
518|403
550|455
403|427
552|280
518|E878
567|511
276|492
680|250
202|204
411|493
799|V58
401|311
V85|414
327|780
414|250.02
486|70
262|276
411|438
428|733
309|301
E942|250
453|535
493|250.6
414|250.5
892|41
425|429
722|998
E888|401
42|250.4
789|414
250.6|465
780|V15
491|401
269|614
250.02|784
255|733
414|413
285|250.4
402|425
250.02|574
397|518
337|710
348|507
403|263
340|493
293|?
340|584
716|726
493|250.2
780|275
153|E934
162|491
785|414
788|601
250.01|793
425|112
424|E932
110|41
585|397
599|V58
721|716
511|250.01
286|562
250.7|682
285|250.01
491|402
403|331
591|599
70|70
428|920
303|V64
413|443
278|682
411|577
611|E849
295|585
197|162
433|294
425|403
401|788
E931|789
276|724
785|382
473|473
205|401
577|112
576|38
?|780
730|440
788|604
401|721
786|789
711|599
250.6|428
415|496
496|296
453|276
250.43|250.53
276|434
701|V18
340|285
780|250.03
V43|401
780|250.8
861|865
682|447
440|682
112|250.12
585|581
535|553
920|E812
584|380
592|591
492|441
E885|285
789|577
715|780
276|300
591|997
646|646
473|250.4
250|333
997|250.02
425|491
599|789
8|599
682|94
723|788
593|427
821|428
70|496
162|287
250.12|788
250.11|646
496|719
112|491
515|584
724|719
584|790
424|435
738|V45
813|427
787|112
V44|250
V70|496
250.02|724
707|250.81
584|348
276|311
786|294
924|250
607|607
250.42|403
250.51|362
738|737
492|438
802|800
790|585
486|287
276|42
250.02|112
250.01|V45
250.01|585
431|401
599|493
781|250.02
536|250.6
781|729
403|440
295|296
304|275
432|784
285|411
585|410
998|625
414|746
398|285
416|574
785|401
403|E888
290|437
496|282
781|241
596|599
882|401
425|413
585|424
V14|V14
284|203
783|788
599|593
530|401
581|428
250|228
427|782
496|593
411|518
403|197
569|997
412|414
850|599
584|189
453|511
585|996
444|250
584|287
496|786
496|70
250.02|301
619|250
511|788
730|250
250.51|250.6
413|396
345|491
729|401
295|578
250|424
574|577
425|682
276|454
496|611
V10|401
493|585
578|787
415|416
448|401
493|473
251|599
V42|997
996|V43
410|578
276|396
295|530
486|799
998|V42
595|276
427|426
437|530
491|41
710|729
807|276
416|397
V85|722
682|924
733|276
348|427
V09|250.8
427|682
590|995
437|427
38|250.03
305|953
428|396
569|558
V58|569
492|250.93
573|276
799|486
250.01|568
623|250
584|511
276|E935
574|568
411|250.52
428|250.03
E947|496
584|272
250.8|571
303|296
250.01|997
557|250
590|428
608|959
411|411
280|428
250.5|272
729|782
284|784
250.02|70
707|288
585|295
491|530
453|820
428|404
250.01|V42
38|276
780|312
70|304
427|486
250|457
491|426
438|276
276|411
745|401
279|496
250|V43
780|496
300|?
782|368
112|250.02
112|482
591|595
428|511
250.01|654
401|553
682|287
276|79
787|780
201|198
428|41
250.01|427
785|518
571|V08
250.5|70
250.13|250.6
585|396
707|250.02
250.82|433
577|787
197|427
599|V43
571|780
807|444
280|435
411|515
996|250
304|786
E934|724
198|512
305|?
250.01|305
536|V15
427|E849
425|518
959|873
585|571
401|250.01
997|682
250.02|286
512|428
584|401
799|493
401|512
250.01|433
294|414
424|736
250.02|473
250.8|250.6
285|998
358|244
250.13|414
478|250
320|70
250.02|412
V58|305
997|428
585|250.01
285|?
282|E885
591|280
402|V45
V10|250
250.83|285
429|486
584|305
396|250
250.6|250.51
428|562
150|197
825|838
496|250.01
724|401
425|581
518|250.92
518|482
276|E942
280|242
996|530
38|41
285|716
202|276
682|250.7
780|310
435|491
V46|250
443|562
V85|560
780|733
38|250.02
799|427
414|728
781|424
250.92|682
295|428
203|997
591|584
272|311
E885|250
397|434
682|V85
721|724
295|250.12
305|799
424|466
785|425
250.03|724
V42|440
285|287
814|458
410|785
584|250.2
785|250.02
V42|786
781|682
238|593
491|599
453|553
486|535
8|276
205|250
780|441
287|412
682|414
425|996
710|583
441|250
202|511
V58|E932
E818|278
211|280
560|998
197|250.6
491|515
571|456
493|564
496|402
997|V65
412|401
V49|428
413|410
425|250.01
266|250
204|414
428|250.41
997|250.4
435|427
585|518
486|8
426|824
250.42|298
995|250.82
577|401
341|782
789|288
424|250.03
276|425
E849|250
574|574
250.12|410
403|286
428|923
V70|276
250.7|250.41
244|280
V45|496
617|995
574|272
536|250
584|466
290|402
590|250.11
278|593
424|425
428|286
413|70
250.2|V58
514|414
428|V45
585|710
285|785
38|584
287|285
411|441
536|272
280|578
584|410
682|599
276|198
786|493
284|572
996|38
V10|493
276|577
730|785
496|995
V54|V58
569|250
516|414
564|309
648|250.02
616|568
250.01|301
560|250.01
595|788
591|250.02
433|496
428|924
196|250.02
332|250
E932|599
403|451
444|427
466|276
250.01|403
70|386
496|997
438|781
344|518
403|530
202|425
535|455
507|263
493|578
682|E878
785|278
428|E849
707|376
799|340
427|342
428|410
581|250.52
648|250.83
402|424
280|424
518|998
E878|440
511|714
211|401
536|337
496|789
535|530
805|923
518|507
204|428
785|585
205|428
518|491
416|250
491|585
242|786
332|427
486|493
682|V43
518|438
425|530
304|465
648|54
250|794
799|438
428|593
997|453
277|250.03
263|285
496|788
995|428
198|V10
780|298
996|590
360|401
428|250.8
496|784
414|239
599|346
599|250.13
303|E888
411|491
285|733
E888|250
428|250.5
428|784
511|780
596|788
729|354
453|?
276|E888
E928|250
198|250.5
280|285
558|401
616|218
79|?
250.6|358
473|250
401|343
E881|E849
600|788
593|V15
510|511
437|298
427|348
707|496
724|781
285|455
571|272
416|784
750|414
413|276
250.8|V45
490|785
428|707
298|401
250.11|250.6
416|402
486|112
799|7
250.02|263
294|250
576|427
486|404
250|403
507|435
250.02|530
596|437
250.82|428
401|717
530|787
590|567
872|E888
V66|413
592|496
250.11|250.51
426|794
786|424
250.92|948
295|304
250.01|196
787|599
427|300
250.03|401
996|560
682|906
V63|578
799|728
998|427
250|791
959|250
250.01|648
564|V85
560|272
789|250
414|440
707|459
785|730
692|253
786|285
250.42|585
816|E888
492|427
250.02|300
250|338
250.03|250.83
781|V43
781|294
285|780
340|427
482|38
413|412
411|198
250.01|792
297|250
154|780
592|998
295|E888
518|493
424|584
707|799
425|493
404|584
428|157
427|238
411|305
272|V15
250.22|342
V58|244
342|458
518|728
596|455
287|473
197|250.01
281|401
34|250
285|332
349|250.43
599|255
428|282
276|332
255|558
428|250.1
780|518
585|250.42
482|255
585|799
415|250.02
443|250
303|278
305|531
276|719
496|717
250.02|571
250.41|581
280|458
E950|E950
425|599
923|719
466|310
402|276
272|574
427|999
287|244
250.03|643
799|185
455|455
E849|E935
250.01|996
585|416
998|496
592|414
135|377
295|276
466|250.02
200|276
414|428
451|447
718|305
415|783
V85|276
276|70
721|722
599|790
790|250
285|V15
348|276
304|883
198|729
518|425
424|599
590|280
425|E885
440|428
8|250.7
250.02|518
415|312
428|799
453|E878
287|397
486|V10
783|250
285|V45
250.01|309
590|790
882|E819
599|715
300|272
287|714
276|794
250.02|593
296|V17
300|414
625|250
250.22|41
493|455
996|428
276|220
397|426
707|38
706|41
780|V10
250.01|608
427|440
733|788
790|536
789|278
293|600
42|E878
427|924
787|401
496|486
873|873
493|305
275|788
305|427
296|309
585|466
584|38
780|402
596|276
493|300
414|496
780|998
196|453
496|V46
250.02|780
728|284
519|428
250.22|204
250|274
780|907
250.83|536
38|599
724|738
300|530
250.82|250.6
723|518
707|996
295|41
E917|790
440|440
427|719
250.12|401
401|681
413|280
707|201
584|426
486|138
285|553
301|280
V64|401
414|288
536|41
788|605
250.01|332
174|197
V45|412
788|593
788|E888
435|E947
998|E878
396|287
285|569
923|E885
197|401
599|785
410|E878
799|327
413|789
154|V58
196|573
486|518
357|730
156|197
414|443
V12|250
496|453
250.03|496
354|250
625|272
414|486
292|414
998|790
425|593
280|V13
250.01|786
425|250.51
294|276
250.92|799
344|599
174|198
172|571
428|434
998|424
717|414
250.01|138
284|707
574|V10
486|263
250.02|278
E884|E849
401|112
V42|250.02
414|535
403|518
733|?
428|112
188|595
575|424
V15|?
788|618
250.4|581
447|250
337|780
437|562
278|493
427|?
491|584
578|427
218|620
493|438
811|E816
434|342
250.02|277
V15|396
573|568
731|250.6
250|573
530|427
401|V08
593|401
584|V45
305|780
599|E885
276|840
250.01|816
233|401
458|285
576|496
294|311
403|787
490|714
276|455
599|457
491|443
411|V65
578|280
438|403
569|785
959|E888
780|274
250.01|304
272|331
38|574
250.01|434
263|290
453|599
179|250
250.01|V27
496|289
250.01|530
280|211
426|428
428|569
599|E942
492|600
585|578
799|250.52
427|789
307|250
345|250
311|428
276|424
250.02|411
405|173
496|574
585|284
785|250.13
486|V42
466|487
V42|531
491|162
223|486
414|365
431|162
535|303
511|401
250|388
599|296
189|511
493|8
250.81|785
648|250.92
414|250.01
416|327
451|250.02
821|821
253|401
518|V45
424|519
584|E942
788|250.01
416|414
274|V18
578|807
332|296
285|892
198|198
304|70
512|135
642|250
53|414
493|707
567|584
428|692
491|516
303|790
411|242
491|786
200|250
294|493
996|493
437|276
380|414
250|294
496|309
309|331
280|535
861|850
303|438
278|780
263|304
728|250
780|V72
440|V45
585|E947
995|596
250.6|722
568|512
252|593
590|300
263|438
38|486
285|530
491|V15
276|751
250.92|496
870|810
362|250
263|799
427|287
411|250.8
731|250
428|397
785|300
8|424
593|298
250.01|707
451|401
481|585
707|790
401|411
424|491
197|413
250.01|681
250.01|255
581|403
403|443
276|250.92
403|788
250|347
250.01|591
558|250
599|250.92
162|733
403|250.01
571|424
205|238
491|564
682|530
493|70
707|250.2
294|437
574|414
486|285
250|496
V58|466
427|491
507|349
189|250.01
518|453
996|300
150|530
455|562
496|426
599|733
403|?
410|997
458|V08
530|780
790|202
250.02|625
250.02|709
481|250.92
496|416
625|998
348|428
441|780
710|599
E878|E849
415|154
250.02|303
728|403
731|681
276|438
556|414
286|305
682|682
276|153
813|824
576|153
281|909
465|427
250.13|782
V42|244
428|459
348|263
585|583
491|494
427|412
322|250
530|79
287|428
447|401
441|427
496|250.51
305|V58
584|250.42
780|290
593|250.01
250|298
403|496
V62|V15
486|434
250.01|788
410|276
648|653
250.6|312
250.13|599
413|595
295|V64
403|250.02
272|536
357|250.6
924|319
138|784
584|250.6
340|298
438|787
599|?
599|331
E812|401
788|443
411|576
250.01|577
458|276
250|295
482|117
411|415
604|250.02
250.02|592
246|401
574|571
711|274
785|410
913|?
482|799
401|496
790|250.22
250.12|403
682|70
496|E884
850|511
795|530
562|788
453|872
285|618
584|250.4
197|250.02
493|413
414|280
560|997
414|782
584|482
424|997
250|331
250.6|337
486|288
428|785
242|722
191|276
491|416
340|344
250.02|722
723|781
590|41
518|V12
426|753
780|824
291|599
599|286
204|486
496|300
599|287
428|304
403|780
562|250
198|569
433|250
242|599
719|396
427|70
413|721
V72|616
491|272
284|401
204|79
599|756
205|414
250.01|715
466|414
511|786
728|427
V15|291
414|998
276|714
805|805
250.92|665
414|491
202|285
162|493
435|401
V46|305
295|923
250.7|998
825|250
156|707
513|250
337|414
568|584
280|614
585|440
592|250.01
438|599
427|416
998|707
277|278
331|357
578|571
152|707
252|250
250.82|574
41|402
519|786
396|414
285|357
486|560
729|427
42|428
808|8
584|285
444|443
281|294
780|571
642|250.01
401|360
591|618
276|250.42
290|250
493|723
516|723
596|428
434|414
357|496
280|300
410|496
596|585
786|V43
724|V64
300|250.42
250.02|459
342|368
711|250.5
401|242
191|780
197|V10
496|227
414|493
996|427
413|780
276|736
250.92|458
428|79
337|511
250.81|731
303|250
413|286
41|272
437|V12
599|250.8
342|V85
V10|V45
786|38
203|413
288|205
780|412
401|714
730|711
807|873
733|726
958|250.6
276|V42
263|496
278|403
428|493
496|284
536|530
372|272
552|518
998|518
250.01|916
427|79
496|412
427|V15
813|276
250.92|427
411|250.82
446|790
198|263
850|276
996|595
427|625
560|780
V58|?
V14|V58
427|38
E950|780
493|278
434|427
785|438
496|263
570|577
250.03|V15
780|250.7
572|287
276|805
162|396
518|530
533|535
850|845
709|110
250.02|536
250.81|401
780|435
276|345
276|V10
451|276
276|349
617|617
263|250
403|278
413|403
427|788
314|301
496|996
723|250
402|426
581|414
250.01|296
?|530
250.02|532
250.02|E942
250.02|813
458|414
790|707
250.01|560
41|780
998|614
805|250.01
585|425
428|991
276|738
627|620
998|997
584|41
284|238
403|70
780|256
571|496
433|424
203|401
648|656
696|275
786|428
996|867
396|401
150|276
458|293
411|447
560|V44
996|E878
585|426
424|440
682|261
250.51|596
8|285
403|250.7
196|V10
8|996
782|715
996|305
427|571
780|?
536|250.02
724|724
998|V58
486|403
491|V10
42|711
?|244
8|275
707|260
584|327
250.6|V58
403|413
428|922
276|530
403|515
285|438
279|112
802|250.42
323|584
728|41
625|343
574|997
753|401
276|581
780|250.5
403|578
198|997
496|V15
425|486
459|457
250.81|428
438|427
465|401
162|189
780|250.02
250.92|426
428|V64
218|626
996|157
196|518
250.6|424
996|413
292|E950
715|278
599|182
780|593
250.8|273
398|396
V03|?
599|305
496|459
287|250.02
250.8|428
701|250
196|493
304|401
789|733
250.5|362
581|599
204|283
401|V10
910|916
405|785
203|284
250.01|41
519|787
434|486
428|782
250|656
599|437
278|530
287|496
780|997
682|427
599|724
786|585
250.01|784
V49|250.6
786|584
578|535
682|357
402|788
E858|294
340|491
682|295
710|276
401|428
427|V12
492|276
569|250.02
424|250.13
411|530
135|V43
575|288
821|824
813|?
787|403
250.43|403
E849|780
404|414
722|996
300|278
493|786
398|427
424|681
280|331
535|569
E880|250
424|729
599|515
552|250
569|274
733|428
250.92|272
305|998
599|250.4
820|780
197|285
281|250
996|410
574|569
V85|496
42|577
707|250.01
745|250
353|433
557|562
482|491
577|578
E880|410
999|414
298|294
41|276
997|585
710|294
511|998
275|272
303|280
424|780
995|590
305|424
250.6|211
250|598
414|305
738|250
250|240
585|288
250.02|E932
70|799
340|812
493|599
305|530
584|250.5
414|599
414|433
429|416
496|272
860|250
342|427
285|E880
288|577
V10|412
198|250.82
682|873
250.12|V58
733|784
276|797
196|511
569|562
70|348
428|263
440|425
250.52|250.42
285|286
997|403
V15|V70
250.51|276
996|41
425|337
600|250.6
250|426
238|300
404|276
789|E934
428|E878
434|780
277|440
486|425
250.1|244
423|V45
411|285
317|343
560|995
289|250
285|453
446|599
285|41
135|517
280|496
584|728
427|562
V45|250.01
287|493
999|567
785|112
486|402
250.03|714
V85|786
438|250
428|997
285|410
493|?
V15|274
710|714
250.01|285
250.02|595
401|250.93
530|531
785|530
250.82|571
242|427
593|726
112|276
648|250.03
250.02|620
486|255
285|585
486|300
729|414
410|413
271|560
285|560
780|443
486|515
280|434
787|424
607|250.02
285|446
403|511
493|V10
560|789
581|V45
707|295
8|79
250.22|531
428|295
591|562
357|276
53|204
496|V43
482|518
996|334
558|787
491|557
282|250
535|403
427|429
560|518
493|V85
162|511
560|V10
486|682
427|242
585|478
411|786
786|787
707|250.41
286|590
413|558
70|414
250.03|V49
591|722
426|250.6
403|244
459|443
250.12|535
716|250
34|752
424|250.4
401|616
276|162
437|250
285|291
276|196
285|280
276|298
852|276
287|355
730|997
518|786
493|445
427|794
585|V63
41|250.7
799|E939
486|784
722|426
648|649
250.52|280
342|414
286|428
162|284
491|8
250.12|304
493|162
486|344
162|428
250.02|789
972|E858
681|707
789|?
202|453
518|V16
V42|284
785|331
428|340
921|250
204|427
440|250.7
250.1|493
301|297
448|784
250.32|707
794|250
285|707
244|272
197|368
41|?
255|285
496|569
682|135
511|162
592|296
573|427
780|E944
584|438
V42|V42
276|491
276|122
396|493
453|150
696|496
276|372
278|781
462|401
712|715
780|287
648|345
250|E882
38|456
996|599
496|162
255|250.6
276|E944
707|438
70|786
303|250.03
578|276
112|V09
733|724
250.01|V58
340|443
789|70
250.01|562
410|995
284|162
428|311
362|250.52
E935|250
411|250.43
291|250.2
682|782
599|288
625|401
736|V43
250.51|250.81
403|295
250.01|787
997|411
482|276
794|786
285|784
410|411
394|250.92
599|340
997|280
527|414
426|426
V62|272
276|486
518|996
V64|414
250.02|E884
571|585
290|596
591|564
428|581
789|781
805|260
820|401
786|780
293|799
153|493
428|303
250.02|V64
574|496
70|413
493|726
585|287
305|311
780|41
881|?
250.82|377
424|457
427|41
493|397
295|250.01
397|584
493|466
250|685
250.02|556
250.2|276
300|301
864|401
250.01|956
250.13|?
584|518
585|716
250.6|369
196|250.01
996|707
250.02|V15
E884|438
414|250.8
413|584
427|203
V85|250.02
729|278
784|388
250.02|641
394|433
733|424
304|493
410|242
789|569
780|331
578|556
496|327
801|496
868|94
272|250.5
511|491
577|278
707|344
202|250.6
293|303
402|427
276|583
404|41
584|331
783|719
577|280
305|V18
799|411
574|995
724|789
250|218
578|564
428|453
401|250.5
70|250.6
574|280
250.6|285
491|707
446|496
8|?
428|715
250.13|435
188|250
424|595
250.02|V12
786|715
560|596
292|427
V12|V58
285|238
782|250.6
276|V65
348|585
998|425
464|250.6
601|596
571|789
571|998
780|348
250.01|451
250.12|278
250.12|41
365|250
428|162
444|442
515|491
250.02|197
781|781
285|285
799|401
485|112
568|427
707|934
560|196
296|305
836|E928
577|574
250.41|70
618|788
578|710
487|250.42
780|270
287|571
38|682
968|E855
730|681
250.6|V12
276|304
305|291
305|300
250|592
556|255
378|250
426|584
428|164
250.82|731
189|401
727|401
493|486
401|70
491|285
404|250.53
196|153
493|263
486|250.9
599|278
747|250
710|435
V58|250.53
788|185
185|244
289|496
584|349
38|731
861|866
564|401
491|682
707|443
428|711
250.03|272
652|656
368|781
304|357
580|403
496|577
750|411
250.02|443
154|197
250.03|V65
426|786
799|244
434|305
403|682
38|482
250.02|790
396|404
402|396
998|722
428|722
287|401
428|V53
496|733
574|38
785|599
250.53|V42
453|203
781|250.82
250.52|401
250.03|707
38|203
427|724
V58|289
552|250.6
585|250.02
515|V12
599|998
496|443
785|486
428|V10
438|288
784|342
780|784
250.82|250.42
414|435
799|528
V63|593
250.4|250.6
799|786
272|477
788|585
348|250
202|403
998|276
780|424
486|412
567|428
492|433
595|250
420|414
294|331
428|284
413|278
722|414
424|730
434|997
584|242
425|E849
357|599
280|599
562|414
V85|788
599|782
707|250.42
786|721
276|317
810|861
E885|486
250.02|425
789|250.6
425|433
465|780
574|250.6
403|459
278|250.01
780|309
852|599
276|368
197|428
117|?
V85|780
250.43|585
285|211
850|486
E930|465
518|292
493|410
42|202
403|998
725|244
518|204
250.02|284
E939|276
E849|E888
780|707
781|401
599|413
276|296
342|425
295|250.8
250.01|571
784|780
401|433
492|786
599|337
577|562
112|?
310|250
8|250.8
682|518
79|278
202|522
278|564
711|996
511|490
427|558
V49|250.8
482|494
162|780
162|357
948|E894
250|716
304|724
94|577
511|250.02
401|290
263|577
812|414
332|437
584|250.92
824|812
277|446
493|403
591|287
135|571
518|E950
250|652
41|530
493|V45
680|680
519|571
401|250.02
424|280
648|250.41
285|813
642|648
403|396
999|285
440|715
V42|250.01
288|401
303|250.12
358|305
272|593
250.1|123
507|V62
276|225
584|E947
V58|493
484|515
403|721
162|112
196|198
491|250.6
435|289
414|V10
518|E880
707|301
486|789
780|E849
250|558
444|250.8
112|458
438|799
511|198
276|783
348|E853
E885|286
995|434
403|429
434|413
752|?
E934|496
V63|250.52
174|V45
840|E927
396|496
584|575
585|280
493|414
434|799
791|276
556|571
730|427
881|E885
250.02|396
5|250
287|303
486|465
577|250.02
250.6|945
285|246
786|250.02
794|401
585|112
556|518
292|404
284|584
453|402
250.02|519
560|E849
585|250.43
783|787
533|414
733|250
276|V45
424|781
595|278
998|V85
428|292
153|496
428|204
354|873
404|491
424|305
280|411
581|486
496|286
285|511
648|244
287|780
780|E850
294|425
440|241
411|250.41
276|250.52
535|715
431|342
486|42
292|305
70|555
411|278
250.03|211
446|813
733|599
459|707
998|278
453|53
542|250
342|780
280|593
428|288
558|285
518|272
434|250.8
424|423
599|438
998|202
591|414
276|250.41
250.6|250.22
404|250.01
342|250.92
E965|E849
571|E933
287|599
172|414
780|425
284|789
250.92|227
403|490
585|14
424|426
284|202
599|473
567|427
285|493
584|250.7
305|412
295|575
304|723
427|288
728|465
155|275
428|250.42
581|276
789|794
420|411
785|584
276|E938
250.6|707
584|560
250.01|277
296|411
295|295
603|250
585|V10
788|427
434|424
710|401
204|163
344|336
707|280
850|920
599|577
958|282
250.8|682
584|730
415|799
524|525
486|462
413|426
250|280
648|659
162|535
276|991
434|250
398|397
403|581
571|458
599|253
280|570
250.32|496
202|414
432|E812
428|515
V45|250.4
575|250
451|278
753|250
250|41
781|784
?|733
427|V10
291|250
518|599
427|E947
250.01|174
250.03|784
403|135
436|428
403|433
413|573
276|527
235|443
562|401
833|842
403|280
424|492
250|34
466|285
276|552
250.01|805
496|458
250.41|583
577|41
492|568
998|585
276|174
292|998
577|518
707|713
496|562
997|511
998|E879
906|351
250.12|296
225|250
715|424
197|530
196|174
250.01|660
496|512
892|250
729|429
719|285
491|453
54|250
707|784
272|414
403|298
309|414
789|571
425|411
250.4|?
196|428
577|782
280|962
783|742
496|E880
244|490
337|250.6
275|414
272|465
566|305
V43|V58
562|211
250.01|920
401|410
958|945
453|444
711|41
424|266
518|251
496|138
276|573
414|402
250.02|543
575|599
202|334
250.02|279
411|404
272|786
492|784
453|425
413|787
295|496
428|E885
442|250
865|805
414|715
V58|787
447|411
403|786
135|401
276|135
682|305
593|V42
486|250.6
E885|357
808|599
250.12|578
314|250
281|414
455|280
496|487
359|?
285|722
486|426
8|263
599|290
728|287
397|414
465|344
V85|461
680|414
250|807
411|492
490|530
715|300
780|327
584|295
94|250
491|V42
711|250.03
276|290
493|411
42|496
574|V62
648|250.91
788|496
402|416
707|27
711|453
250|351
V57|V43
591|183
850|250
162|272
595|250.01
V18|?
276|250.7
599|V12
250.02|682
E947|V49
786|272
458|401
682|591
560|599
511|512
592|599
584|263
8|780
788|998
682|V49
491|196
437|290
V08|250
507|511
411|327
459|278
535|531
707|808
428|710
496|722
300|312
425|278
E930|599
707|729
411|333
311|346
276|996
250.02|737
453|799
428|423
276|555
599|204
466|428
820|595
585|250.03
414|584
718|E878
112|250.6
515|250.01
348|584
574|492
511|453
596|596
584|799
535|291
250.41|411
357|V58
416|394
491|728
250.1|401
428|135
250|998
275|496
722|250.01
250.03|342
E944|428
577|585
710|511
250.6|682
V15|278
280|560
955|882
553|250
272|728
812|?
295|491
443|707
496|94
41|465
585|250.41
197|425
496|714
298|301
491|571
427|317
396|438
486|998
276|709
786|250.92
410|250.82
578|456
197|493
283|599
780|V85
250|781
250.01|443
V42|790
491|996
584|396
733|185
435|272
730|276
286|728
493|511
424|403
280|626
300|311
250.8|417
337|786
758|244
852|401
197|511
789|250.92
486|478
493|327
415|427
681|250.7
486|785
E849|331
585|585
403|E885
276|441
781|496
403|789
276|E879
197|272
440|785
780|278
250.8|V58
162|401
596|250
753|573
805|840
424|199
162|729
250.01|593
138|E849
528|250
707|788
996|482
112|348
492|426
203|E932
202|250
596|496
402|477
805|426
721|721
535|562
584|733
785|440
440|584
427|569
250.42|707
518|295
197|280
427|824
296|458
292|401
787|787
599|185
518|162
585|569
575|573
V85|174
V85|250.8
410|250.02
707|619
564|276
260|41
E924|E849
274|427
413|E947
427|600
250.1|342
807|813
250.11|647
595|715
V45|413
595|780
402|996
707|826
491|263
70|286
342|507
428|350
572|401
511|202
154|199
989|278
250.01|402
250.13|V15
788|724
53|425
788|414
426|410
284|135
410|250.6
427|8
250.53|287
276|969
714|278
262|574
805|802
292|250.01
276|487
274|250
446|280
155|401
410|424
276|356
558|276
789|585
581|571
250.6|425
491|787
E878|785
280|536
590|403
332|V15
625|618
401|794
411|443
807|781
41|599
238|287
584|337
403|437
79|585
780|250.83
784|272
608|782
41|693
573|174
493|303
276|38
799|785
836|250
403|790
250.6|305
153|401
784|E888
250|665
438|V85
560|569
250.8|E932
429|512
V43|715
276|250.23
305|V12
825|E812
250.02|575
380|238
707|V85
780|511
427|453
496|250.41
786|412
599|279
496|397
459|250
707|585
573|V85
472|786
424|E930
486|453
518|163
428|293
401|784
327|401
338|250
998|584
784|244
276|291
260|197
403|250.43
578|295
250.13|278
411|429
782|E932
584|784
436|997
162|453
789|163
294|426
427|250.1
303|721
577|573
53|250.5
959|924
591|250.01
V62|297
204|496
250.01|V43
599|823
348|995
430|584
424|725
342|378
275|712
332|799
428|607
250.81|V58
276|131
V63|276
427|729
189|196
786|625
998|627
733|682
799|585
459|427
38|286
536|?
250.82|401
337|428
277|482
577|582
466|278
721|342
456|403
571|486
202|284
295|V08
996|730
722|518
459|70
204|693
599|284
225|401
197|V44
425|998
924|E884
427|436
680|250.02
537|710
415|276
584|496
486|593
250|704
642|V65
710|41
428|507
414|252
286|413
873|923
250.03|V58
250.8|E939
250.03|110
276|995
780|301
438|V57
562|553
427|250.8
427|511
42|585
250.91|V27
V12|305
V23|250.01
296|V14
511|438
511|411
250.02|348
560|574
571|?
V64|250
V58|780
411|410
486|995
486|458
785|250
851|518
780|V12
250.01|719
276|594
599|784
722|401
821|E812
492|728
250.03|519
276|250.5
E888|138
646|250.02
481|202
V49|V45
404|786
482|458
722|721
162|199
272|428
70|287
318|250.01
403|309
562|496
V65|425
157|588
344|E928
135|276
486|V45
616|707
511|112
496|8
276|511
250.81|584
413|696
820|913
599|719
250.01|790
403|V15
493|464
285|799
403|198
292|599
575|787
250|332
707|311
250.03|305
296|785
444|998
250.8|531
382|401
403|E879
198|721
278|617
564|789
V54|599
250.01|8
530|280
201|414
424|404
410|707
338|185
198|401
285|398
287|300
473|346
276|694
250.92|278
331|780
250.52|362
155|491
425|V58
428|714
808|280
428|790
789|332
496|250.5
782|250.22
519|799
709|250
512|E878
284|196
599|291
924|920
867|599
622|305
250.01|441
250|710
530|278
41|996
250.82|427
424|518
250.8|780
312|318
8|250.6
136|428
401|727
250.5|401
415|560
413|492
511|414
250|362
492|V46
288|466
822|E880
204|356
27|883
569|564
410|486
486|250.02
295|174
403|486
291|365
295|250.02
486|250.11
812|822
456|E885
847|924
493|802
696|250
378|V45
276|836
707|998
348|401
424|290
560|553
570|511
710|70
414|423
V62|309
571|425
342|428
250.42|581
600|596
291|493
300|780
342|438
427|570
300|294
729|459
345|250.6
799|560
599|202
560|41
337|401
707|426
438|590
276|518
788|428
337|564
518|203
433|426
433|331
285|568
292|425
780|250.01
316|692
403|V85
616|625
780|458
707|V58
574|278
263|585
402|530
493|648
250.51|285
280|E932
567|348
707|305
584|648
917|599
414|396
574|276
599|536
996|452
786|V10
998|569
V10|428
540|401
70|309
414|410
285|681
576|428
595|233
135|536
573|410
250|626
153|V10
E934|280
486|438
440|272
789|788
466|272
414|686
284|305
780|191
196|242
41|8
V58|443
562|562
599|V60
285|284
344|344
805|599
426|403
711|998
263|265
304|682
682|786
516|486
E880|401
601|250.22
595|41
291|401
518|V10
250|459
494|493
153|594
682|458
438|331
250|569
199|496
112|41
794|305
566|250
459|272
311|305
591|V44
276|255
652|648
995|566
272|294
E829|401
250.41|642
552|295
287|578
V42|536
518|348
433|507
V54|496
535|V45
8|428
V10|411
70|568
305|453
294|250.02
511|250.8
574|404
319|250
573|426
715|244
518|317
437|403
317|250
291|496
401|V43
719|300
601|250.01
211|414
340|681
746|401
433|492
493|721
250.83|496
197|453
276|250.83
491|396
250.82|287
601|788
786|211
250.51|403
599|E880
284|136
836|715
427|753
707|999
496|E932
250|625
730|428
427|492
780|995
V42|599
426|998
250.6|558
590|250.7
250.03|307
571|250.02
569|414
542|V64
715|305
285|518
403|282
785|276
730|788
403|412
E814|E849
840|401
272|721
250.02|995
427|290
496|V42
575|496
555|250
424|218
135|728
413|295
786|303
443|250.8
197|997
480|787
337|536
719|V43
414|780
276|250.82
427|196
491|466
250.03|555
250|268
276|292
789|578
996|284
648|647
707|285
724|493
250.92|?
276|273
V85|412
715|250.6
402|273
428|179
486|250.42
250|327
427|593
456|53
453|250.9
714|427
599|252
204|593
574|202
991|276
337|V64
416|426
411|284
410|786
718|718
840|432
996|486
727|425
805|780
E878|724
426|250.8
70|250.02
303|788
E888|428
117|401
799|V45
507|729
780|591
E890|E849
618|625
790|288
53|780
250.01|110
730|728
276|571
453|358
785|443
958|730
585|714
433|342
466|79
617|614
441|492
250.42|276
327|V15
536|553
703|285
285|250.52
424|331
261|401
278|789
530|553
253|250
250|574
831|920
511|E878
511|585
287|200
905|905
535|41
496|564
250.03|599
434|250.02
426|558
934|466
250.8|278
428|648
70|906
296|710
427|318
280|564
V55|41
287|821
250|648
537|250.13
451|427
438|41
275|252
942|943
286|244
397|398
198|585
733|719
V58|311
788|424
204|813
501|272
276|920
783|493
521|401
410|790
682|711
204|585
455|250
288|560
309|V15
278|V58
289|511
789|305
507|250
793|250
594|788
250.8|345
493|569
426|250.01
41|427
905|?
584|686
428|V12
567|250.41
155|682
481|295
413|292
733|250.7
E885|250.01
998|599
272|V45
611|276
250.01|V18
276|294
250.6|729
786|794
682|280
491|250.82
789|433
156|198
197|491
V85|698
707|786
250.33|584
286|276
342|729
V23|648
792|780
E950|250
250.8|272
519|414
453|185
250.01|244
197|199
299|250.1
794|272
782|414
780|E939
789|112
38|496
411|292
V12|496
491|496
433|238
427|812
989|250
296|414
552|403
300|V15
250.01|883
599|787
536|357
425|514
429|V45
736|244
285|197
785|250.42
496|531
198|414
250.01|416
250.52|496
812|250
585|278
345|438
571|584
351|401
444|403
196|799
446|276
198|V58
470|305
440|412
496|413
305|428
571|V58
414|327
305|491
V63|707
198|412
112|425
8|327
416|285
V54|285
599|162
197|397
722|493
275|309
586|427
490|780
584|507
496|E822
558|162
909|E879
599|569
396|784
711|250
785|481
40|38
414|278
38|250.52
262|V10
250.42|250.6
560|285
511|285
995|281
346|?
303|41
584|535
466|493
599|V63
250|601
185|275
428|458
599|703
285|281
70|428
250.6|295
38|491
272|185
496|410
382|380
511|199
410|434
211|211
250.02|723
250|736
427|781
535|340
202|199
786|453
807|E812
263|197
428|277
730|401
424|135
198|491
595|799
564|300
599|404
616|250
312|250
724|250.6
402|496
112|578
V58|345
250.6|591
560|263
E888|414
E888|836
E947|250
293|250
723|V15
411|202
790|E942
428|42
428|V58
491|V45
507|250.41
491|447
414|787
515|E885
571|784
424|728
286|285
435|428
873|599
410|585
455|211
998|296
286|518
789|621
V17|305
486|289
596|401
434|440
491|719
428|250.12
496|922
420|426
567|585
250|583
427|E941
824|E928
790|305
585|293
250.02|573
585|790
473|780
38|428
722|560
E880|414
491|562
453|486
492|473
444|681
303|263
616|617
581|250.4
V10|473
112|V58
250.02|805
599|586
413|202
782|425
414|477
250.21|413
428|867
584|V43
427|V43
250.41|707
305|532
507|438
788|250.82
496|E885
599|600
733|731
345|493
250|535
496|404
276|443
707|733
427|709
820|715
276|250.12
250.03|664
568|553
619|616
250|847
150|458
518|402
493|402
569|458
428|442
250.2|584
998|571
453|204
401|780
721|402
573|336
680|276
287|278
599|V62
428|348
276|626
453|V42
250.01|342
920|401
8|250.02
250.01|782
250.41|413
685|565
250.92|478
424|710
486|786
592|401
250.03|577
998|41
440|427
425|250.92
298|?
403|441
E935|250.02
425|459
250.5|250.4
196|786
427|507
569|285
492|599
959|E906
426|425
704|?
250.02|781
413|723
296|428
396|428
786|698
250.42|402
428|591
998|V57
780|726
569|V45
788|V43
577|584
599|402
294|991
462|?
998|?
794|203
481|250.6
999|999
413|466
556|287
599|443
434|781
357|204
276|437
296|V85
805|E884
507|250.01
788|591
263|437
250.13|730
453|922
441|287
789|438
41|558
250.01|716
491|756
349|250
715|414
287|250.01
301|724
V85|244
426|285
205|250.02
595|250.5
250.6|435
276|319
305|V10
112|569
585|486
401|583
250.13|575
276|567
585|250.51
414|338
611|250.6
348|253
272|458
281|890
575|250.02
823|821
250|70
282|333
491|840
427|714
403|250.1
54|402
79|250.4
426|?
V63|425
415|723
535|535
453|287
786|305
571|289
410|197
466|244
E936|289
250|521
507|272
276|280
788|250.6
807|922
453|278
E885|813
599|199
250|785
788|294
253|424
304|250.02
292|333
250.03|511
411|789
434|403
293|401
441|441
428|807
288|799
250.8|530
440|429
458|305
250.8|403
996|780
250.01|295
401|295
788|756
567|789
599|V10
481|995
250.52|342
301|722
196|611
815|E888
578|242
401|202
599|426
428|726
969|E950
414|238
785|496
252|427
756|250
788|438
707|787
486|490
710|250.6
112|577
425|70
250.2|599
560|567
V15|473
285|537
486|996
396|250.03
250.6|272
648|642
427|434
491|244
403|394
466|780
724|338
276|156
500|600
571|401
250.01|729
403|574
427|277
402|V10
279|530
584|458
292|428
562|535
725|401
780|266
507|578
V42|424
218|617
730|E930
280|189
250.03|492
584|578
781|437
278|V10
486|259
496|349
729|780
70|303
V15|724
507|189
530|707
V43|138
287|250.52
486|275
250.13|V42
340|41
621|250.92
611|724
997|584
733|905
E854|414
487|295
996|507
250.01|V54
585|788
250.7|276
787|305
276|433
E888|250.02
250.03|427
453|424
272|272
414|V15
591|578
719|272
507|496
996|E850
599|304
592|711
530|593
745|785
250.7|785
710|496
599|280
518|611
E906|E849
276|362
V17|?
535|285
427|410
707|E929
414|274
707|425
205|486
250.7|440
428|94
595|585
585|423
250.81|492
427|831
332|244
250.02|531
567|997
494|202
250.93|304
435|276
285|70
250.02|110
327|786
786|564
436|781
456|250
493|244
250.92|183
79|790
401|266
287|486
280|250.6
425|787
311|970
724|276
411|599
410|607
296|780
411|V85
424|278
577|272
251|250
411|535
998|580
377|428
531|276
682|958
850|852
401|458
585|340
250.02|730
250.42|710
493|575
515|V46
344|596
707|416
E812|E849
263|599
70|295
577|786
386|250
585|721
787|564
648|401
608|250
276|261
585|438
198|493
440|8
V85|327
276|824
424|564
648|V58
41|709
584|250.82
710|710
285|E879
566|995
515|250.02
592|340
V10|V44
38|250
162|486
42|286
850|584
413|794
250.81|250.6
E849|332
528|401
38|332
512|250
294|995
252|780
427|244
784|433
481|250.02
276|250.2
305|250.01
599|560
305|593
722|274
428|E929
486|590
276|348
530|414
493|515
707|153
428|729
284|204
786|796
E888|564
681|250
424|785
250.82|461
496|303
250.51|411
788|598
427|578
286|294
780|V58
807|723
233|250
512|427
584|600
724|496
996|558
459|695
293|285
552|568
396|585
575|272
V45|438
V65|278
585|41
250.82|250.52
293|558
250|515
599|507
427|604
431|593
250.2|495
866|861
204|276
414|403
738|724
719|401
486|198
260|296
411|V43
780|368
293|275
203|70
599|345
493|731
599|566
682|204
272|300
593|E946
496|578
725|250
8|792
719|924
185|441
250.02|796
584|280
440|V49
424|41
E942|285
414|V58
70|493
428|446
130|780
250.01|E928
742|427
415|250
575|535
571|493
250.02|241
490|285
E850|V15
607|786
860|861
599|E849
285|425
781|285
250.53|424
532|531
614|250
682|727
427|368
595|401
428|995
296|303
198|41
285|996
250.01|280
486|415
780|251
427|E878
305|294
305|250.12
893|345
296|438
626|250
425|728
780|812
427|455
780|464
244|722
794|780
E928|E849
410|599
997|999
379|250
585|155
883|E919
218|568
305|250.02
292|250.93
284|E849
284|198
345|401
730|424
276|608
42|425
276|924
427|568
584|557
813|E885
707|286
788|511
682|396
303|493
250.41|276
V10|250.4
599|344
E885|401
441|414
493|492
585|110
788|41
581|584
205|287
724|737
438|414
342|333
486|282
280|466
557|560
787|272
518|250.01
860|585
250.01|311
284|E933
585|784
250.01|908
250|E816
682|995
366|780
571|595
198|112
868|958
296|453
578|536
518|466
427|138
707|578
9|996
403|785
285|562
584|850
205|997
820|E888
434|507
486|562
285|458
293|784
593|331
553|530
507|414
577|998
535|787
518|135
189|428
496|781
593|591
153|293
283|250
280|402
250.6|518
785|402
V63|401
459|459
305|285
8|458
788|625
786|E849
70|401
453|396
425|788
578|788
285|V54
E932|401
V43|285
578|424
250.6|250.41
250.43|250.6
496|250.4
780|288
427|565
197|789
432|250.5
414|585
719|721
780|286
627|244
924|E917
995|E942
493|294
303|298
41|707
153|599
300|317
150|427
280|250.41
305|791
V85|719
707|V12
280|584
250.02|733
519|998
E878|443
303|535
276|380
250.4|276
203|276
573|571
260|416
320|276
435|780
250|318
340|305
413|491
250|465
70|722
287|584
788|493
715|719
E878|202
401|300
496|250.92
997|E888
411|784
197|158
867|250.6
250.92|413
V15|414
496|627
250.42|593
428|415
733|94
584|591
202|250.8
707|250.4
276|480
731|41
427|813
707|711
303|731
575|285
196|285
414|786
560|305
495|428
342|429
721|752
507|250.02
516|413
285|786
427|E888
396|599
995|250.42
820|276
244|382
344|724
373|V08
461|202
290|414
V63|682
584|521
151|287
571|287
250|355
276|729
599|357
305|303
783|794
453|403
250.03|786
250|V27
745|250.4
198|591
585|272
717|717
157|250
416|428
428|596
428|727
511|V10
786|V15
294|285
536|8
186|401
550|V49
411|486
574|530
303|682
585|492
511|163
574|578
403|567
E924|682
568|V55
354|355
427|294
444|E878
491|286
428|435
599|E947
578|155
70|V43
433|440
250.02|429
428|745
428|443
427|515
852|873
410|996
617|621
707|255
443|491
852|285
515|573
250.9|278
707|453
410|V12
428|812
423|272
250.03|625
413|281
428|V42
250.02|307
250.8|696
486|807
728|275
196|569
135|272
311|300
716|737
788|730
295|435
995|682
786|719
299|493
411|729
496|V10
436|342
790|358
599|571
560|411
348|V66
276|490
729|428
518|434
295|335
276|E936
204|491
250.4|593
481|518
250|242
311|401
295|444
413|511
648|654
576|576
465|250.6
287|786
997|807
410|V45
250|319
790|780
799|41
682|250.92
584|V42
250.11|415
511|493
507|401
455|428
250.22|493
426|726
250.03|782
726|716
E880|E849
276|191
808|807
459|780
780|727
780|344
648|250.81
569|427
250.92|780
807|250.01
567|V15
799|285
250.22|70
427|459
276|250.03
786|403
305|342
250.02|8
276|203
808|414
250.6|41
280|571
496|756
V63|438
38|305
507|518
204|577
427|713
E878|41
432|788
924|E816
428|319
574|998
V58|584
V64|250.01
292|435
378|401
780|432
250.6|112
?|V43
250.6|724
250.02|728
780|794
424|521
453|197
295|V54
850|250.01
434|303
411|250.92
790|250.7
250.41|584
535|578
576|295
290|682
250.82|496
794|785
433|784
244|530
255|424
250.81|427
250|366
564|250.6
V42|250.41
428|998
413|298
558|250.01
V62|402
38|197
496|473
434|788
807|845
711|696
311|V15
272|787
348|V42
263|574
263|707
997|250.53
135|466
780|296
250.8|707
E885|171
996|785
599|625
824|599
303|304
114|305
E888|719
272|276
789|787
599|E816
301|295
278|907
530|285
432|585
403|453
786|V85
250.83|428
250.11|331
577|780
427|576
584|786
599|458
428|696
553|427
401|840
493|202
560|465
456|70
263|319
401|781
518|304
411|746
309|412
285|294
432|342
70|E931
578|443
746|424
511|280
403|V46
603|428
733|250.8
396|250.8
786|41
288|465
403|535
577|162
276|17
437|342
786|793
198|425
276|54
507|482
197|562
276|250.11
292|250.02
41|250.9
250.03|403
997|413
250|V42
789|272
301|780
590|250.02
599|491
197|157
250.01|453
707|E885
785|786
531|537
465|?
850|305
250.02|296
566|578
348|250.8
38|585
493|331
289|287
250.13|424
493|284
38|410
717|726
577|428
42|402
920|E888
197|V45
996|70
427|725
564|E947
242|585
300|250.43
812|E880
428|721
998|680
593|E947
288|403
425|299
250.6|288
285|584
518|416
414|518
788|V72
189|723
453|272
285|529
496|576
250.42|404
707|8
E942|414
486|410
575|576
303|250.11
202|881
396|250.02
453|518
433|272
486|V64
491|295
250.51|585
?|276
250.6|733
42|486
556|496
571|573
242|396
584|404
535|536
323|41
250.52|276
42|287
203|287
516|429
586|530
250.9|414
453|289
V43|781
786|250.9
746|414
728|719
294|296
V10|300
250.52|491
428|244
189|199
365|564
V12|278
585|681
564|V58
453|491
924|E885
250.01|435
112|428
331|250.92
V43|716
276|327
812|E849
599|135
515|486
780|728
287|437
197|426
278|519
998|250.01
285|533
518|995
E905|250
584|250.51
599|292
492|250.02
599|836
425|202
V58|V10
787|?
493|579
250|E881
280|455
584|V58
710|786
250.02|465
112|250.13
E884|780
486|648
413|340
196|38
515|112
614|568
696|272
294|530
578|291
726|250.41
189|250
V42|427
340|788
277|250.02
250.12|458
465|461
435|412
786|790
272|250.01
305|518
250.02|426
250.92|786
581|585
997|41
558|569
280|996
590|401
785|205
996|733
305|296
V15|276
584|998
414|593
340|492
V42|V45
680|401
787|389
799|599
V45|428
730|453
786|411
250.01|491
864|250.01
648|644
518|255
54|V15
198|170
E849|716
438|344
403|571
296|250.6
562|V12
786|785
401|716
425|569
250|555
518|437
486|416
8|V15
386|435
569|401
250.01|238
250.8|276
41|593
571|414
421|996
348|780
280|305
465|V15
41|789
250|454
414|571
783|294
355|250
41|915
780|E888
492|V45
250.6|625
305|V08
428|501
442|496
581|780
626|617
789|199
424|568
945|250.02
200|284
440|424
401|310
599|440
348|998
335|250
515|357
305|425
437|280
250|654
E944|780
705|648
496|174
411|250.5
799|294
707|595
555|578
411|682
584|601
437|V42
584|202
8|787
465|285
283|569
515|403
250.01|617
41|725
401|250.83
255|401
451|250
252|530
536|577
786|295
584|996
E812|786
291|41
112|710
295|805
250.02|E888
781|794
515|401
410|E885
413|331
482|262
583|403
560|452
305|E849
V58|278
349|250.02
198|496
296|E849
592|788
V85|41
437|331
577|284
244|301
135|8
285|836
728|250.6
V53|428
459|182
174|401
272|278
995|486
590|38
296|V62
250|373
276|507
999|682
585|682
280|780
155|197
577|789
787|211
995|410
599|E944
425|397
620|593
411|596
491|278
E944|250
844|?
617|250.01
571|574
V58|412
369|?
584|453
959|E885
9|280
70|250.11
427|250.03
585|442
808|428
785|429
927|250
V57|V57
577|304
496|490
585|447
244|782
996|250.13
250.8|427
245|?
250.22|424
112|401
112|305
276|453
250.92|414
250|289
789|280
250.02|785
332|250.6
737|V85
428|386
411|E942
250.12|584
348|410
496|294
E935|428
558|722
536|V58
250.4|493
623|623
V63|780
250.01|412
578|574
998|593
924|305
342|437
425|440
413|V42
453|585
515|585
591|285
163|284
250.82|730
289|8
295|537
424|560
496|331
411|203
250.01|415
845|E885
491|507
584|540
427|710
285|V10
401|331
799|348
11|707
584|558
852|250
42|78
590|205
427|E879
785|250.8
250.02|331
250|582
404|285
790|294
789|424
117|305
569|250.92
282|244
8|788
532|280
581|521
250|386
998|780
492|428
276|271
780|521
348|907
250.8|?
923|278
552|V85
496|250.42
496|275
496|437
287|456
681|428
731|785
438|413
586|272
576|204
397|294
716|414
578|530
362|272
560|42
788|53
250.13|425
682|451
431|427
358|V46
250.01|150
250.92|715
724|722
117|112
410|426
462|414
198|185
V45|585
304|781
260|518
786|784
250.92|V15
799|135
312|301
996|?
444|599
711|730
250.92|600
357|338
288|131
196|272
812|V85
780|250.92
707|789
723|250.1
496|274
276|117
722|738
919|E885
250.6|E933
250.8|357
998|277
420|428
799|424
287|V10
780|533
995|586
250.82|V58
456|573
573|250.01
780|873
402|250.6
204|337
252|278
807|E885
790|682
250.6|788
517|532
756|354
411|787
491|790
996|790
285|789
424|E849
714|250.4
434|368
869|599
319|278
496|782
593|593
250|867
V49|250.82
250.52|584
682|493
110|319
250.7|428
787|493
136|E878
250.01|511
244|278
780|403
496|202
303|250.01
41|294
952|344
756|414
250.02|511
443|250.6
413|486
507|287
250.6|486
403|410
250.03|882
428|535
584|368
710|530
V85|535
368|250
560|197
424|695
280|8
518|197
157|496
342|907
415|584
437|923
428|211
707|694
433|368
276|282
250.83|276
980|E950
577|535
250.92|410
518|294
250.12|250.52
784|461
250.13|V08
571|285
428|203
288|790
135|250.6
458|404
599|594
401|185
250.81|V42
507|253
137|518
788|V58
592|592
486|733
274|715
V10|244
496|204
427|250.92
162|784
250.92|E885
311|V58
569|496
305|790
250.01|512
444|997
205|284
V85|338
451|250.43
401|729
411|707
276|V43
496|625
398|425
414|250.4
571|291
70|837
424|225
78|599
323|599
250.13|785
426|238
250.82|710
295|625
785|996
38|512
585|458
428|357
196|733
788|295
196|425
250.81|585
825|917
873|V58
585|531
710|250.02
434|584
696|730
791|41
620|568
304|280
255|682
348|425
425|402
807|E888
410|535
496|354
780|342
491|519
424|296
784|782
331|414
V58|272
578|790
507|780
724|V45
250.6|263
576|250.82
311|272
304|250.01
733|564
331|V58
424|920
789|998
807|786
731|707
413|250.02
491|135
294|790
649|296
276|728
202|E933
287|459
518|574
41|424
427|466
276|461
276|318
250.01|945
707|?
276|E904
562|427
491|250.43
282|250.93
598|605
444|444
404|250.41
309|244
410|490
396|250.7
112|79
490|?
396|402
411|396
781|799
250|V17
403|332
368|780
511|682
574|599
41|716
733|486
599|244
575|305
292|E947
585|38
197|250
303|584
V60|287
728|786
157|199
424|515
713|707
535|280
150|V55
V10|250.6
E932|250
198|998
493|493
414|V42
183|250
600|278
799|303
424|410
V15|112
428|783
578|562
250.02|200
250.03|787
162|153
202|283
427|717
799|781
250.51|614
79|535
V72|401
70|403
8|507
250.92|253
263|294
362|250.6
250.6|433
250.42|583
496|500
566|569
814|285
780|466
250.01|535
250.03|648
V45|729
458|272
567|496
567|599
575|558
522|401
403|435
873|369
280|287
805|850
786|782
438|290
E932|276
287|41
185|601
451|733
272|616
428|506
403|458
577|997
70|411
560|274
420|162
285|295
285|250.41
V46|414
286|453
821|401
831|275
286|403
305|403
780|512
402|429
428|438
403|583
378|374
557|250.01
599|730
444|996
292|780
786|426
518|799
591|8
424|522
560|536
799|410
599|250.03
724|414
481|276
424|250.6
599|728
255|427
507|E955
284|174
474|780
424|429
410|402
564|272
397|411
496|862
486|94
860|285
155|789
191|250
386|V12
998|724
295|807
154|496
492|162
892|E888
486|V58
490|799
425|438
591|590
456|303
153|250.02
292|280
70|584
512|V10
422|425
70|282
496|751
434|714
785|731
493|788
486|204
276|157
440|443
599|336
336|344
496|345
305|493
425|228
250.02|492
491|250.42
997|599
997|E878
311|907
205|V42
730|496
718|250
482|786
E878|287
424|715
459|787
515|115
786|280
574|425
433|276
568|794
567|272
934|401
250.23|276
787|794
458|558
733|722
250.42|496
424|244
250.81|276
293|496
427|274
466|V43
507|112
599|745
486|296
250|V64
443|294
250.7|250.42
218|401
881|250
8|789
E950|458
728|924
435|244
490|E849
V10|272
543|250
788|311
E944|401
411|189
250.02|V66
786|300
196|574
401|V85
562|434
780|413
519|272
512|492
682|597
805|920
792|211
286|789
250.53|815
403|493
346|272
427|53
276|250.53
250.6|723
786|162
154|284
755|250
286|250
291|577
436|414
781|820
910|E885
319|401
574|560
585|729
250.92|V45
518|492
599|153
784|276
E879|411
670|642
996|682
782|511
250.03|412
453|250.03
276|253
411|458
410|453
482|250.42
795|786
402|250.5
562|276
969|E980
413|593
421|427
280|788
786|296
239|250
426|997
599|338
292|E939
427|556
998|V09
569|211
682|V45
491|998
596|789
V42|493
250.92|721
574|V85
250.7|414
425|404
410|250.01
V42|287
591|V10
250.01|492
786|461
185|414
250.81|780
250.6|438
V45|V58
401|294
E878|453
569|300
515|710
250.6|412
574|799
413|250.52
V45|V43
285|729
411|440
150|496
741|599
258|569
568|311
162|331
731|250.7
250.13|285
305|309
305|965
263|112
515|250.6
507|427
276|E941
584|788
714|790
E935|197
411|578
788|250.02
250|185
285|456
162|518
492|790
802|294
414|429
E870|401
411|V42
285|840
401|V18
491|202
70|458
492|780
38|250.01
263|493
780|429
923|E880
799|198
278|250.12
730|263
V85|571
250.92|707
996|753
292|292
38|250.4
250.01|642
197|512
311|309
112|250.01
530|511
304|794
786|492
196|196
340|293
250|783
V85|416
292|276
388|525
365|361
565|250
287|342
599|570
294|397
428|905
429|276
616|701
424|413
250.51|426
250|486
496|535
424|585
413|708
293|682
614|401
276|243
864|850
138|414
492|250.4
812|802
997|E849
560|250.92
250.11|253
620|614
807|E849
293|785
493|280
486|574
386|437
618|618
584|444
608|608
575|997
535|428
V63|70
304|424
298|250
850|403
584|282
537|577
787|154
285|564
427|250.52
301|427
590|70
728|496
242|V54
682|E879
845|250
518|327
250.01|733
786|443
427|799
112|416
486|281
284|285
566|276
286|786
441|584
781|V45
997|431
584|424
496|E849
E932|278
515|599
428|455
403|250.12
250|437
599|242
198|790
862|805
305|362
459|402
681|401
153|199
530|300
842|807
410|8
411|244
402|202
577|287
157|401
496|279
357|794
276|250.1
805|511
572|285
750|553
262|997
135|425
496|V01
491|197
584|304
250.83|458
571|244
250.02|295
496|530
998|E849
250.11|305
287|E849
203|E947
496|455
380|401
41|403
789|425
491|198
584|332
427|298
723|782
311|307
427|V64
781|780
560|311
336|V64
424|486
252|241
682|250.41
401|459
515|518
250.11|?
428|V15
531|530
250.03|278
V54|922
440|244
295|799
250.13|427
E816|E849
567|790
345|428
591|185
250.42|427
905|V12
425|V15
428|E818
155|576
157|280
220|272
305|562
250.02|218
507|560
491|710
482|584
V45|427
296|300
42|112
997|414
453|V58
790|790
411|433
591|250.6
456|572
70|296
250|799
438|491
294|332
427|250.3
584|751
717|727
511|532
682|741
535|276
425|398
530|578
250.92|345
V15|799
250.02|V43
250.5|276
242|276
486|348
250.02|38
300|250.6
401|440
607|412
733|285
578|250.01
517|493
710|424
303|440
424|287
250|383
220|401
425|425
250.02|446
250.01|515
250|358
595|403
680|41
491|810
436|427
112|E942
425|608
260|428
250.02|486
518|331
202|593
457|250.01
578|300
578|578
208|414
396|276
444|511
785|V12
807|807
599|646
722|280
157|577
786|250.4
560|792
726|401
250.52|250.6
414|458
250.4|787
309|309
255|250.81
V65|250.8
590|601
413|490
481|204
198|250.6
590|530
250|112
250.02|433
E906|250
851|427
250.01|440
788|250.03
250.02|242
550|250
357|344
453|8
996|250.4
415|263
511|599
492|250.42
511|933
156|427
440|437
584|581
453|250.01
276|576
250.82|403
402|201
746|427
568|414
599|794
786|402
682|426
434|574
E888|250.92
584|580
490|278
496|433
780|618
E881|250
577|733
414|V46
511|458
584|433
569|567
365|401
301|278
996|250.7
348|867
453|453
250.02|719
584|577
E947|E849
356|401
535|496
682|250.42
E935|276
275|402
496|592
514|401
532|427
276|570
784|496
54|428
V42|491
250.81|250.7
427|223
303|V62
427|731
V02|V09
518|568
397|394
805|337
786|578
786|593
342|351
276|309
413|518
710|492
785|423
456|453
276|211
V42|250.81
287|V66
591|560
162|338
280|E935
250.81|416
V63|427
348|162
276|386
453|202
V45|263
584|8
745|290
682|790
250.01|737
196|599
250.2|431
552|?
155|E947
295|424
585|562
555|250.02
272|V43
578|41
785|?
285|738
532|250
820|865
309|305
518|789
425|284
821|496
531|285
790|496
332|331
88|250
786|496
V43|263
42|511
196|289
453|151
250.83|V42
567|305
453|591
427|621
284|287
296|239
707|454
426|782
276|110
285|440
276|383
298|787
584|112
155|458
150|70
493|285
198|250.01
576|573
808|403
486|569
414|745
305|278
853|852
V42|162
493|787
311|?
112|787
250|466
E878|427
263|808
278|250.1
250.81|403
303|998
425|294
780|V65
425|596
996|998
276|286
314|278
572|571
535|571
V45|250.8
873|E849
424|493
413|477
242|435
530|426
996|272
550|285
403|284
424|V49
726|733
V85|707
250.03|405
729|530
413|250.41
196|998
157|403
250.42|424
276|266
344|453
432|780
425|517
573|414
584|780
276|435
558|250.6
578|273
426|362
250.01|458
429|428
250.12|V65
569|569
402|438
452|571
292|518
997|618
280|E849
331|412
288|250.02
250.82|411
285|492
532|530
250.43|404
784|345
782|285
553|285
410|511
738|722
807|599
789|198
250.22|286
E980|962
368|438
164|250
402|784
250.92|729
411|300
518|V85
V10|780
V45|404
458|780
250.6|790
396|453
202|584
276|733
682|807
813|401
995|453
578|396
V62|244
263|250.6
242|54
786|704
785|284
425|41
250.8|294
201|250
E932|290
794|716
924|923
576|530
781|250.01
135|250.01
486|272
E932|414
789|491
453|297
682|731
816|E812
583|276
590|780
618|617
562|583
41|794
426|412
397|402
456|428
599|433
278|416
730|686
332|596
577|571
403|304
682|457
789|560
274|401
396|403
556|8
8|453
411|112
250|309
496|V54
42|272
428|242
907|250
285|E819
883|883
255|304
518|E938
196|287
V45|278
599|487
250|354
402|413
401|288
157|250.01
295|411
567|574
255|562
438|V08
414|788
567|V64
707|695
564|?
402|250.12
593|493
250.02|378
516|162
996|440
284|486
599|595
425|38
V10|V43
250.6|713
496|461
286|V58
493|V42
295|614
250.6|250.53
682|997
591|598
794|276
481|427
285|218
737|401
416|423
599|601
824|250
850|952
401|274
424|562
285|250.03
E932|725
427|185
250.41|401
789|782
425|799
280|79
511|V15
780|394
427|E935
250|664
780|357
453|342
428|38
278|701
250.8|536
729|?
682|253
511|423
564|564
578|446
496|242
374|401
850|427
V57|427
402|728
250.92|585
396|290
496|438
438|959
758|216
585|250.7
414|287
934|787
201|401
42|263
250.01|911
784|?
295|E956
250.01|694
723|276
518|404
415|518
287|562
578|403
250.81|730
189|276
493|250.1
707|741
783|285
785|180
357|203
578|486
34|244
112|535
E900|491
250.03|659
401|462
280|V43
414|733
682|486
425|785
250.03|788
E878|738
599|704
41|E929
198|511
531|280
681|403
394|287
599|E878
682|242
593|596
789|572
728|780
487|272
250.43|V46
285|292
574|292
659|426
592|617
681|917
550|311
197|560
584|79
E942|300
496|924
511|V58
295|535
287|443
322|564
514|276
250.6|426
250.6|781
411|204
515|424
707|457
466|788
292|250.4
250.03|428
415|V85
202|458
250.92|424
493|250.11
250.03|581
172|250
428|536
196|255
707|274
782|276
250.01|646
411|710
403|401
278|427
287|396
250.02|435
731|401
250.32|276
441|V45
435|493
255|250.8
577|414
780|343
288|197
599|E936
429|729
305|410
413|274
996|578
250.13|112
414|285
397|276
285|E956
444|459
416|424
218|618
38|389
443|V58
861|924
578|584
250.02|569
958|414
201|296
E870|250.01
560|414
250.6|411
?|278
295|112
275|311
250|V44
427|873
301|V62
515|205
530|319
574|567
278|276
442|V45
785|444
789|562
799|305
466|427
276|557
789|493
446|584
276|705
427|404
278|V18
710|780
276|586
447|440
530|574
424|999
576|793
733|208
496|457
425|303
438|733
728|305
338|780
615|276
414|V12
425|208
807|834
463|401
V85|V45
278|250.52
305|577
478|401
250.53|250.43
348|V58
723|787
333|250
425|909
151|197
593|428
574|396
276|459
E887|250
414|438
250.41|427
491|433
584|293
79|250
205|682
242|428
599|V15
536|535
682|440
785|424
867|E879
427|386
428|737
481|41
788|738
473|593
799|567
250.01|845
272|305
70|456
604|276
202|728
996|719
277|486
487|276
376|360
250.01|298
491|581
599|446
250.82|263
250|V62
579|250
728|584
117|198
453|415
250.02|472
250.13|V58
456|305
41|453
560|410
250.83|585
250.02|967
799|E932
491|53
401|348
780|611
204|790
V58|V58
305|306
787|V64
293|596
263|250.03
480|276
413|398
562|558
196|584
38|567
428|197
285|355
515|332
V12|V45
493|959
719|E880
518|782
681|41
578|491
486|411
303|V18
998|V64
434|782
250.8|433
576|197
413|V10
998|719
600|724
599|731
924|E888
599|E817
486|250.8
E939|496
138|401
305|882
575|789
805|401
680|693
305|492
287|682
191|305
112|611
715|729
511|291
591|250.03
486|189
V12|272
710|707
396|398
552|997
362|366
135|786
572|425
411|785
870|802
693|250
440|250.6
786|607
285|413
304|722
153|198
292|465
156|599
296|301
188|276
572|780
591|396
250|345
151|446
434|715
412|319
244|414
319|799
728|785
996|905
250|790
808|805
716|496
787|E932
998|560
250.4|250.5
285|290
437|312
403|491
285|698
250.02|642
413|515
998|535
453|496
595|V58
808|E888
512|998
786|250.7
726|726
112|591
162|327
585|70
197|151
8|511
997|738
250.02|V17
V43|414
574|340
707|560
560|250.41
378|414
788|492
733|242
427|800
432|250.02
V42|787
E928|185
421|730
244|250.6
305|112
584|250.8
428|238
435|425
585|580
266|403
512|250.01
513|482
250|919
781|715
386|414
285|273
261|576
715|836
304|250.6
282|V10
250.82|568
250.01|781
V43|599
576|562
440|581
250.92|41
138|496
601|V55
707|736
530|244
552|38
V42|729
250.13|272
290|V66
292|304
E879|788
38|250.81
537|285
403|342
250.6|515
531|562
250.6|70
493|358
157|518
284|599
459|593
536|345
8|293
397|427
135|599
196|789
784|351
277|250.01
E885|414
414|202
790|401
294|969
413|530
595|250.6
453|239
461|787
250.01|70
V85|425
342|433
424|438
707|250.7
208|496
38|507
354|959
287|250.9
728|424
303|456
401|719
434|518
V53|427
136|250
E888|424
250.02|304
572|584
425|466
214|305
564|250.8
492|202
287|70
788|272
958|250
V85|490
193|245
V43|V43
493|713
296|786
41|274
E887|300
787|311
492|E885
496|396
614|621
789|786
965|?
250.01|344
250.13|584
789|338
305|413
94|401
250.02|525
250.8|786
276|568
805|424
204|284
413|782
995|707
135|285
404|496
473|782
788|594
E933|?
280|41
496|842
724|185
427|E930
284|250
285|782
511|807
276|440
280|997
305|70
403|250.51
296|437
197|261
496|112
295|574
434|496
453|188
788|530
415|682
197|188
531|427
491|242
423|511
348|414
424|272
401|733
616|626
453|162
278|625
585|514
958|428
250|V60
V85|386
558|V15
617|626
428|883
719|255
512|413
599|297
V85|458
250.6|402
250|V09
112|486
250.6|922
250.51|250.41
V42|V44
278|600
250.02|608
E932|435
250|287
250.6|278
154|292
337|357
428|300
491|473
401|V16
250.01|396
411|303
296|311
389|786
511|287
788|E938
996|585
560|707
806|584
250.82|718
512|276
694|401
402|378
599|154
788|710
358|276
733|553
812|518
403|290
491|307
135|428
414|185
E878|250.7
287|560
38|263
278|599
560|386
722|599
599|573
202|250.02
451|453
724|?
276|53
342|410
345|300
507|788
571|331
805|276
493|301
358|728
413|729
357|536
486|345
250.52|244
785|V42
447|414
250|575
492|V49
578|786
730|94
496|434
250.11|560
719|596
349|112
250.01|307
491|423
410|305
780|459
781|788
784|250.6
250|205
403|252
721|428
250.82|397
250.13|530
250|591
250|343
465|V58
401|V62
322|38
558|244
401|342
V63|372
250.8|V10
286|788
345|277
242|496
403|570
530|536
427|211
345|530
562|214
429|425
309|250
780|530
250.13|577
531|535
272|274
511|331
812|812
710|305
295|V15
250.92|244
511|571
681|250.8
785|840
574|242
558|785
840|726
8|278
493|710
250.52|285
287|413
293|250.02
V62|305
250.12|659
427|573
557|284
403|398
157|276
414|437
560|202
785|295
574|305
V43|787
491|460
707|404
290|348
250.8|54
787|285
780|349
250.82|584
486|997
296|280
518|250.43
427|601
250.6|786
182|414
250.02|437
308|250
413|332
250|501
799|396
112|70
V42|441
250.02|131
250.7|V49
566|250.82
153|728
588|276
413|250.8
174|511
198|250.51
242|681
707|571
535|250.6
402|V58
266|396
E932|465
707|493
680|709
204|255
575|428
682|250.8
437|785
280|250.01
288|785
285|709
250.83|646
280|E888
307|438
518|722
344|250.53
682|437
250.02|824
202|V62
569|411
584|532
312|317
174|512
518|447
571|576
250|V61
707|436
70|8
790|V43
496|415
296|E950
285|790
574|626
424|719
332|285
812|276
998|E888
250.82|E888
286|729
280|70
250|698
592|593
154|276
998|581
135|414
577|575
427|E934
682|511
394|584
174|250
V42|112
433|997
276|V18
403|438
150|V44
586|276
277|276
285|477
682|356
250.12|295
255|250
V43|427
135|562
805|253
70|707
719|41
808|808
550|553
438|530
493|272
E888|276
437|573
305|V14
583|585
567|250.01
614|V45
805|250.92
250.02|560
999|276
250|284
285|255
682|593
496|266
193|250
799|466
967|E980
E947|414
253|562
250.6|458
38|250.1
204|413
491|441
861|401
481|250.13
276|250.31
401|455
250.03|535
711|427
574|584
8|585
567|403
485|250
201|41
820|250.01
403|189
276|E849
203|787
496|290
250.22|572
285|573
70|572
435|280
577|560
278|250.8
661|648
285|536
791|382
533|276
295|728
250.01|204
337|730
402|731
493|250.92
E947|780
599|V42
242|250.01
304|486
250.83|348
293|280
799|403
578|305
403|356
553|278
682|710
491|465
729|V10
415|424
823|873
789|V55
466|518
416|782
295|301
453|305
250.12|560
648|646
200|780
590|V58
577|291
348|412
728|244
491|492
568|995
456|496
573|737
599|250.52
V15|416
425|135
799|344
786|518
714|733
286|472
682|V09
996|435
995|250
727|727
215|250
491|410
511|396
998|433
276|704
327|414
716|310
112|437
300|296
593|250.6
41|458
401|490
V58|440
784|368
250.6|530
280|311
V45|453
401|280
305|443
493|338
591|786
309|401
373|305
381|250
305|731
789|183
575|38
286|424
733|413
787|388
707|482
786|491
997|436
998|440
682|V44
41|348
332|401
585|998
197|414
507|599
584|303
710|414
511|244
493|250.53
584|250.01
536|V45
303|342
401|465
255|?
444|401
276|533
428|564
197|585
414|E879
707|42
723|250.6
250|725
427|293
787|715
997|998
250.02|782
427|431
233|403
276|V08
E937|E884
250.41|492
780|724
V42|753
428|553
428|E888
414|521
411|437
286|571
998|458
425|V65
250.01|518
620|458
530|729
592|250.02
424|386
283|250.01
562|305
788|342
250.42|250.7
?|425
599|516
203|496
707|726
996|V12
284|556
250.8|473
780|E858
585|722
351|250
518|286
567|276
729|272
303|250.02
420|112
724|427
511|V09
289|518
255|253
309|300
250.82|41
493|799
376|250
401|536
998|403
250|461
402|278
996|721
427|250.12
70|250.03
305|728
531|250.6
997|432
426|787
203|198
648|641
820|496
682|173
135|515
154|218
250.12|38
648|250.9
560|38
787|530
996|738
440|E878
198|782
682|443
185|197
428|494
812|811
250.13|787
250.01|621
362|389
730|403
276|34
566|730
536|789
707|279
802|923
250.13|403
285|758
203|599
837|825
821|280
112|786
285|747
780|150
8|250.01
685|401
305|571
682|256
403|416
250.03|466
883|250
456|280
780|478
250|V86
250.02|564
843|727
607|735
560|427
428|805
301|300
357|337
250.02|482
E942|E942
250.22|599
492|250.01
496|E931
515|402
599|621
733|568
292|786
756|401
682|413
250.01|294
294|272
562|578
428|530
337|458
V45|584
707|E878
285|V64
293|242
V42|428
427|252
574|737
413|591
840|250.82
682|438
728|274
368|729
995|577
411|250.51
446|287
780|782
V85|493
428|955
491|780
295|571
424|162
250.8|458
428|465
250.02|413
591|617
348|E812
250.6|416
413|531
V49|294
250.01|53
515|501
402|794
320|202
285|402
378|368
250.8|E947
840|V64
440|496
301|244
203|486
401|366
250|V23
403|553
969|780
518|593
728|295
726|719
730|V09
401|250.52
530|250.6
348|438
574|V42
648|664
287|287
V58|616
782|402
458|250.42
998|493
585|E879
585|443
794|426
789|V58
446|250
396|584
250.02|908
V54|250
250.6|535
202|820
94|413
433|998
491|327
327|272
E870|414
428|625
E927|E849
789|250.02
331|?
401|585
250.03|287
394|710
94|285
196|185
8|574
322|288
465|428
292|250
253|427
V45|593
V62|296
155|286
150|278
403|253
200|427
250.82|585
250.83|250.6
V45|790
492|272
844|E880
411|340
792|250
346|311
995|327
492|180
428|V85
599|208
788|568
153|276
250.8|438
789|286
E915|438
682|574
263|466
250.12|496
706|585
V42|250.8
203|780
724|535
496|610
599|816
442|401
303|292
203|425
691|112
250.02|844
280|558
428|717
967|E950
414|794
581|305
V85|305
599|368
707|303
537|567
724|250.02
560|250.6
V43|244
428|873
112|620
599|999
530|791
621|627
401|275
197|V66
E888|283
272|573
348|342
453|199
862|338
403|369
531|492
785|997
413|293
344|427
871|401
571|533
250.01|423
493|250.8
517|333
518|112
